0.048650
2.258306
0.771137
0.175339
0.319856
-1.488763
-0.155922
0.340143
0.086347
1.583973
-0.101318
-0.039426
0.600431
-0.210848
-2.078016
0.118124
-0.462555
2.141250
1.937575
-0.798479
0.029495
0.692521
-0.973373
0.037913
1.063089
0.623501
0.372416
0.497177
-0.961890
-1.642243
-0.541217
-0.504110
0.730186
0.727627
-0.822173
-0.521625
-0.598147
-0.561673
-0.230509
0.924251
1.203096
-0.523412
-0.171960
-1.829227
0.052203
3.649764
0.730379
0.591051
0.246864
-1.257001
-1.123157
-1.590882
1.164512
-1.257054
-0.262419
-0.906378
-1.650825
-1.029141
-0.851119
-1.260895
-0.433492
-0.486426
0.167115
0.866770
0.235502
-0.961969
-0.289749
0.430884
0.222411
-0.200620
-0.301488
-0.152503
-0.726383
-1.739451
0.231461
1.263344
0.681709
1.353660
0.204329
0.391033
-0.276311
-0.798702
0.259430
-0.609266
0.392814
-0.525235
-2.093807
-0.689530
-1.139626
1.797581
1.745753
-0.110450
-0.503203
-1.485836
-0.613090
0.709498
0.505870
-0.632499
0.446216
-0.089126
3.048650
5.258306
3.771137
3.175339
3.319856
1.511237
2.844078
3.340143
3.086347
4.583973
2.898682
2.960574
3.600431
2.789152
0.921984
3.118124
2.537445
5.141250
4.937575
2.201521
3.029495
3.692521
2.026627
3.037913
4.063089
3.623501
3.372416
3.497177
2.038110
1.357757
2.458783
2.495890
3.730186
3.727627
2.177827
2.478375
2.401853
2.438327
2.769491
3.924251
4.203096
2.476588
2.828040
1.170773
3.052203
6.649764
3.730379
3.591051
3.246864
1.742999
1.876843
1.409118
4.164512
1.742946
2.737581
2.093622
1.349175
1.970859
2.148881
1.739105
2.566508
2.513574
3.167115
3.866770
3.235502
2.038031
2.710251
3.430884
3.222411
2.799380
2.698512
2.847497
2.273617
1.260549
3.231461
4.263344
3.681709
4.353660
3.204329
3.391033
2.723689
2.201298
3.259430
2.390734
3.392814
2.474765
0.906193
2.310470
1.860374
4.797581
4.745753
2.889550
2.496797
1.514164
2.386910
3.709498
3.505870
2.367501
3.446216
2.910874
