49 170 5 -87 492   
49 120 7 -606 350   
53 190 15 260 1477   
46 200 15 513 1410   
43 200 9 308 846   
38 100 9 -886 156   
51 160 10 -342 940   
52 210 9 450 779   
52 220 7 450 536   
49 210 12 600 1039   
49 200 12 410 1128   
54 50 5 -383 -321   
50 180 7 0 700   
46 200 7 239 658   
47 160 4 -137 376   
48 180 12 0 1200   
40 350 5 87 -492   
39 70 5 -470 -171   
38 110 12 -1128 410   
35 110 7 -658 239   
41 230 16 1226 1028   
33 50 9 -689 -579   
39 150 12 -600 1039   
40 200 11 376 1034   
37 20 8 -274 -752   
37 170 10 -174 985   
37 330 3 150 -260   
35 360 10 0 -1000   
27 360 7 0 -700   
24 350 14 243 -1379   
30 30 10 -500 -866   
35 10 14 -243 -1379   
38 10 11 -191 -1083   
38 10 7 -122 -689   
37 130 7 -536 450   
49 90 11 -1100 0   
50 170 15 -260 1477   
52 210 13 650 1126   
48 130 10 -766 643   
52 260 6 591 104   
49 340 7 239 -658   
58 60 11 -953 -550   
59 310 6 460 -386   
56 280 7 689 -122   
58 310 5 383 -321   
59 340 8 274 -752   
64 290 5 470 -171   
51 110 4 -376 137   
54 120 13 -1126 650   
50 180 7 0 700   
48 160 9 -308 846   
53 160 18 -616 1691   
38 210 12 600 1039   
40 190 18 313 1773   
41 220 10 643 766   
39 250 4 376 137   
43 360 13 0 -1300   
42 210 4 200 346   
39 80 15 -1477 -260   
51 350 11 191 -1083   
54 260 4 394 69   
56 220 3 193 230   
50 200 15 513 1410   
47 360 17 0 -1700   
43 160 5 -171 470   
51 160 8 -274 752   
51 190 4 69 394   
61 360 5 0 -500   
55 190 8 139 788   
60 210 8 400 693   
53 20 6 -205 -564   
50 360 7 0 -700   
55 20 10 -342 -940   
63 220 4 257 306   
52 20 8 -274 -752   
50 210 12 600 1039   
55 10 9 -156 -886   
69 110 12 -1128 410   
52 220 14 900 1072   
55 170 9 -156 886   
54 210 8 400 693   
44 250 4 376 137   
51 340 9 308 -846   
48 340 13 445 -1222   
53 310 7 536 -450   
51 180 8 0 800   
49 60 20 -1732 -1000   
55 180 9 0 900   
47 350 5 87 -492   
50 220 7 450 536   
48 190 5 87 492   
53 190 16 278 1576   
49 250 6 564 205   
58 260 6 591 104   
65 220 9 579 689   
66 180 5 0 500   
57 180 8 0 800   
77 290 6 564 -205   
68 250 3 282 103   
57 220 13 836 996   
53 180 11 0 1100   
49 170 14 -243 1379   
48 190 11 191 1083   
59 240 7 606 350   
73 100 9 -886 156   
61 140 8 -514 613   
54 190 22 382 2167   
53 180 14 0 1400   
48 200 12 410 1128   
48 210 5 250 433   
53 140 8 -514 613   
59 200 16 547 1504   
53 110 10 -940 342   
58 180 20 0 2000   
53 220 15 964 1149   
48 190 12 208 1182   
54 240 16 1386 800   
57 290 8 752 -274   
56 320 5 321 -383   
62 320 5 321 -383   
53 230 6 460 386   
56 210 14 700 1212   
51 230 14 1072 900   
51 240 10 866 500   
56 310 10 766 -643   
59 290 7 658 -239   
59 210 8 400 693   
49 280 11 1083 -191   
51 250 8 752 274   
56 180 7 0 700   
57 190 9 156 886   
53 170 3 -52 295   
61 110 7 -658 239   
61 190 9 156 886   
64 240 6 520 300   
59 180 11 0 1100   
61 210 5 250 433   
60 240 17 1472 850   
54 180 10 0 1000   
57 190 11 191 1083   
59 230 10 766 643   
50 340 12 410 -1128   
56 200 14 479 1316   
60 260 5 492 87   
70 340 9 308 -846   
70 360 10 0 -1000   
67 320 7 450 -536   
61 210 15 750 1299   
60 310 9 689 -579   
57 230 12 919 771   
60 240 6 520 300   
68 180 7 0 700   
74 320 4 257 -306   
72 340 13 445 -1222   
70 200 13 455 1250   
63 200 15 513 1410   
70 320 8 514 -613   
73 240 8 693 400   
71 220 7 450 536   
67 230 11 843 707   
63 220 11 707 843   
67 230 11 843 707   
64 300 13 1126 -650   
70 320 7 450 -536   
69 260 8 788 139   
70 350 12 208 -1182   
70 210 8 400 693   
62 360 8 0 -800   
57 180 13 0 1300   
66 210 7 350 606   
71 330 11 550 -953   
75 320 9 579 -689   
68 190 10 174 985   
62 200 10 342 940   
60 160 6 -205 564   
64 170 8 -139 788   
71 240 7 606 350   
74 170 7 -122 689   
64 210 14 700 1212   
64 210 11 550 953   
70 360 8 0 -800   
75 220 5 321 383   
76 290 9 846 -308   
76 240 12 1039 600   
65 170 4 -69 394   
66 280 8 788 -139   
70 320 11 707 -843   
76 360 10 0 -1000   
83 360 10 0 -1000   
83 280 7 689 -122   
65 150 5 -250 434   
75 350 12 208 -1182   
81 360 9 0 -900   
87 330 11 550 -953   
88 350 13 226 -1280   
90 340 10 342 -940   
79 220 12 771 919   
72 210 13 650 1126   
58 170 6 -104 591   
58 190 10 174 985   
60 190 11 191 1083   
73 270 5 500 0   
75 330 12 600 -1039   
82 330 10 500 -866   
83 290 10 940 -342   
88 300 8 693 -400   
91 290 5 470 -171   
88 340 13 445 -1222   
87 320 9 579 -689   
78 190 10 174 985   
84 290 9 846 -308   
77 200 6 205 564   
77 290 10 940 -342   
71 210 11 550 953   
64 200 15 513 1410   
68 210 12 600 1039   
68 190 17 295 1674   
72 220 8 514 613   
75 280 10 985 -174   
82 360 11 0 -1100   
86 320 9 579 -689   
85 360 9 0 -900   
88 300 7 588 -340   
72 240 12 1039 600   
77 330 13 650 -1126   
83 340 8 274 -752   
82 190 5 87 492   
79 280 6 591 -104   
66 340 7 239 -658   
68 260 9 886 156   
70 200 7 239 658   
67 290 6 564 -205   
66 290 6 564 -205   
74 320 8 514 -613   
81 350 10 174 -985   
84 360 10 0 -1000   
85 340 9 308 -846   
80 280 8 788 -139   
70 200 5 171 470   
65 210 7 350 606   
75 260 5 492 87   
89 240 5 433 250   
73 230 14 1072 900   
71 280 8 788 -139   
72 310 8 613 -514   
72 250 7 658 239   
63 70 8 -752 -274   
57 330 7 350 -606   
59 210 11 550 953   
64 210 5 250 433   
69 220 11 707 843   
69 270 6 600 0   
70 340 9 308 -846   
74 320 8 514 -613   
72 290 6 564 -205   
63 210 10 500 866   
59 190 7 122 689   
58 180 6 0 600   
57 210 10 500 866   
62 220 8 514 613   
64 290 8 752 -274   
56 190 5 87 492   
58 280 3 295 -52   
55 190 11 191 1083   
57 40 7 -450 -536   
60 340 7 239 -658   
62 350 13 226 -1280   
66 340 8 274 -752   
67 330 10 500 -866   
71 290 7 658 -239   
74 310 6 460 -386   
68 290 5 470 -171   
60 220 6 354 421   
65 280 5 492 -87   
62 350 6 104 -591   
63 210 4 200 346   
61 140 4 -257 306   
61 210 9 450 779   
60 170 7 -113 641   
68 290 4 376 -137   
67 360 6 0 -600   
66 360 9 0 -900   
79 190 3 52 295   
61 250 8 752 274   
55 140 7 -450 536   
55 130 9 -689 579   
54 210 7 350 606   
55 200 16 547 1504   
50 0 0 0 0   
49 230 4 306 257   
46 100 7 -689 122   
43 220 10 643 766   
51 190 3 52 295   
48 0 0 0 0   
48 160 8 -260 714   
52 210 3 150 260   
46 170 12 -208 1182   
46 210 5 250 433   
50 360 8 0 -800   
49 310 3 230 -193   
53 170 5 -87 492   
48 310 3 230 -193   
49 360 9 0 -900   
50 360 7 0 -700   
51 0 0 0 0   
52 290 3 282 -103   
49 0 0 0 0   
48 200 10 342 940   
52 200 4 137 376   
46 210 11 550 953   
48 70 7 -658 -239   
46 160 9 -308 846   
58 220 11 707 843   
52 290 3 282 -103   
47 30 4 -200 -346   
53 170 5 -87 492   
57 150 9 -449 778   
48 170 7 -122 689   
48 0 0 0 0   
45 0 0 0 0   
43 190 9 156 886   
38 210 8 400 693   
38 0 0 0 0   
30 70 4 -376 -137   
36 0 0 0 0   
34 20 13 -445 -1222   
34 20 5 -171 -470   
34 280 5 492 -87   
45 210 10 500 866   
49 230 7 536 450   
46 280 3 295 -52   
50 180 5 0 500   
48 50 7 -536 -450   
46 200 8 274 752   
48 240 13 1126 650   
43 250 9 846 308   
40 220 10 643 766   
40 130 4 -306 257   
48 210 15 750 1299   
41 180 9 0 900   
39 220 11 707 843   
43 180 3 0 300   
45 210 8 400 693   
49 120 1 -118 68   
43 180 12 0 1200   
45 40 5 -321 -383   
43 110 5 -470 171   
44 220 10 643 766   
40 360 3 0 -300   
45 200 14 479 1316   
39 20 12 -410 -1128   
41 330 7 350 -606   
39 310 3 230 -193   
37 190 9 156 886   
41 180 9 0 900   
40 120 10 -866 500   
42 130 0 0 0   
39 210 14 700 1212   
37 360 7 0 -700   
33 20 12 -410 -1128   
28 10 6 -104 -591   
33 190 11 191 1083   
34 0 0 0 0   
46 200 14 479 1316   
45 70 7 -658 -239   
47 110 10 -940 342   
50 180 8 0 800   
49 210 7 350 606   
42 220 12 771 919   
40 140 6 -386 460   
40 210 5 250 433   
46 200 15 513 1410   
48 220 12 771 919   
47 0 0 0 0   
46 160 4 -137 376   
47 0 0 0 0   
42 10 11 -191 -1083   
40 90 9 -900 0   
40 10 10 -174 -985   
39 350 5 87 -492   
40 270 4 400 0   
42 110 7 -658 239   
47 150 12 -600 1039   
48 50 8 -613 -514   
50 0 0 0 0   
45 160 7 -239 658   
42 220 8 514 613   
43 210 12 600 1039   
43 230 13 996 836   
40 40 6 -386 -460   
31 10 15 -260 -1477   
33 360 9 0 -900   
39 130 12 -919 771   
51 210 6 300 520   
50 190 4 69 394   
52 210 8 400 693   
49 0 0 0 0   
46 220 6 386 460   
44 150 6 -300 520   
52 90 10 -1000 0   
51 340 4 137 -376   
48 360 3 0 -300   
43 190 3 52 295   
39 310 7 536 -450   
40 260 5 492 87   
44 360 6 0 -600   
47 290 5 470 -171   
40 120 10 -866 500   
48 230 16 1226 1028   
45 230 7 536 450   
50 220 15 964 1149   
56 240 5 451 260   
57 200 3 103 282   
48 220 13 836 996   
45 150 11 -550 953   
43 210 11 550 953   
48 220 8 514 613   
48 350 8 139 -788   
49 350 6 104 -591   
53 340 6 205 -564   
52 280 5 492 -87   
46 240 5 433 250   
42 160 6 -205 564   
45 10 12 -208 -1182   
45 190 9 156 886   
46 200 13 445 1222   
41 180 13 0 1300   
41 330 5 250 -433   
44 210 7 350 606   
43 150 6 -300 520   
50 210 12 600 1039   
47 230 14 1072 900   
47 270 6 625 0   
47 230 16 1226 1028   
48 0 0 0 0   
43 150 7 -350 606   
42 220 9 579 689   
45 200 9 308 846   
49 60 9 -779 -450   
50 210 15 750 1299   
49 10 6 -104 -591   
50 140 11 -707 843   
53 140 7 -450 536   
53 200 9 308 846   
53 240 9 779 450   
54 240 12 1039 600   
54 220 4 257 306   
51 30 7 -350 -606   
53 260 3 295 52   
61 230 9 689 579   
43 220 9 579 689   
50 210 10 481 833   
48 220 13 836 996   
55 310 3 230 -193   
53 190 24 417 2364   
42 160 7 -239 658   
50 300 9 779 -449   
53 280 6 591 -104   
48 210 3 150 260   
53 20 9 -308 -846   
58 350 12 208 -1182   
60 230 7 536 450   
56 230 6 460 386   
51 230 11 843 707   
55 220 8 514 613   
53 170 5 -80 453   
60 60 10 -866 -500   
59 280 8 790 -139   
51 240 12 1039 600   
52 200 6 205 564   
56 120 8 -693 400   
59 250 10 940 342   
57 240 3 260 150   
53 0 0 0 0   
55 80 6 -591 -104   
56 230 14 1072 900   
60 350 6 104 -591   
53 0 0 0 0   
52 190 4 69 394   
58 110 2 -195 71   
58 330 4 200 -346   
63 250 10 940 342   
48 240 7 606 350   
53 210 4 210 364   
53 220 7 450 536   
46 230 18 1379 1157   
55 200 6 205 564   
64 160 6 -205 564   
50 180 6 0 600   
53 250 7 658 239   
57 270 10 1000 0   
57 240 16 1386 800   
62 350 10 174 -985   
73 190 6 104 592   
69 0 1 0 -120   
68 360 10 0 -1000   
80 360 9 0 -900   
78 0 0 0 0   
73 310 5 383 -321   
75 200 6 205 564   
70 290 5 470 -171   
75 290 6 564 -205   
64 280 8 788 -139   
71 340 12 410 -1128   
63 230 11 843 707   
60 220 6 386 460   
63 260 10 984 174   
62 230 6 491 412   
60 180 4 0 399   
62 330 4 210 -364   
57 200 3 103 282   
65 240 0 0 0   
66 270 7 681 0   
68 220 4 257 306   
68 160 3 -103 283   
66 150 5 -250 433   
62 200 12 410 1128   
58 180 9 0 900   
68 290 8 752 -274   
60 220 8 514 613   
63 180 9 0 900   
64 40 0 0 0   
65 280 6 636 -112   
61 250 5 512 186   
66 350 8 139 -788   
72 130 10 -780 654   
74 230 5 383 321   
60 200 6 205 564   
64 30 10 -500 -866   
67 0 0 0 0   
74 290 7 639 -233   
71 340 5 186 -512   
64 190 6 104 591   
62 220 8 514 613   
61 260 7 671 118   
60 260 3 295 52   
65 210 8 410 710   
55 240 7 606 350   
60 260 8 788 139   
62 210 11 550 953   
66 300 4 342 -198   
68 220 7 450 536   
61 260 7 689 122   
68 250 9 846 308   
67 290 5 470 -171   
65 300 5 433 -250   
67 270 5 500 0   
64 210 7 350 606   
71 220 7 425 506   
77 360 6 0 -600   
86 40 3 -179 -214   
72 190 7 122 689   
70 220 8 483 575   
65 220 6 386 460   
64 220 7 450 536   
67 10 11 -191 -1083   
64 340 9 291 -799   
68 310 2 173 -145   
68 290 7 658 -239   
76 320 11 732 -872   
74 210 6 275 477   
66 10 6 -104 -591   
73 360 7 0 -700   
73 230 8 613 514   
71 70 1 -109 -40   
78 350 6 104 -591   
81 230 6 460 386   
66 230 7 536 450   
72 280 8 788 -139   
74 300 6 520 -300   
74 240 4 346 200   
74 240 7 606 350   
76 10 9 -156 -886   
81 30 7 -350 -606   
76 290 6 564 -205   
73 270 6 600 0   
72 250 4 376 137   
75 0 0 0 0   
76 280 7 669 -118   
78 270 5 500 0   
82 170 6 -111 629   
82 300 4 346 -200   
81 350 7 122 -689   
74 360 10 0 -1000   
76 270 6 600 0   
75 340 8 274 -752   
82 10 15 -260 -1477   
85 350 9 156 -886   
87 10 5 -92 -521   
87 290 5 470 -171   
81 280 7 689 -122   
82 240 7 606 350   
75 330 11 560 -970   
83 280 5 492 -87   
86 30 5 -245 -425   
72 240 7 606 350   
75 310 7 536 -450   
61 240 7 606 350   
73 240 4 351 202   
81 200 5 171 470   
70 270 4 400 0   
64 210 7 350 606   
72 270 8 751 0   
63 90 6 -593 0   
61 240 5 433 250   
66 220 5 321 383   
70 260 6 591 104   
80 260 9 866 153   
74 260 5 492 87   
75 200 6 205 564   
76 360 5 0 -500   
72 230 7 552 463   
73 290 4 376 -137   
70 10 5 -87 -492   
71 280 7 695 -123   
73 330 5 250 -433   
80 360 6 0 -600   
79 280 4 394 -69   
72 240 9 779 450   
62 330 7 361 -625   
64 220 8 514 613   
62 30 10 -502 -870   
67 200 14 479 1316   
57 180 7 0 700   
59 180 11 0 1100   
55 200 15 513 1410   
61 20 7 -239 -658   
68 360 7 0 -700   
72 350 5 87 -492   
73 330 5 250 -433   
80 270 4 400 0   
77 360 8 0 -800   
81 180 4 0 400   
68 270 5 500 0   
58 210 13 650 1126   
60 160 8 -274 752   
65 200 7 239 658   
70 210 6 300 520   
58 210 7 350 606   
54 170 15 -260 1477   
61 210 12 600 1039   
61 200 13 445 1222   
56 210 12 600 1039   
59 220 4 257 306   
56 290 5 470 -171   
53 170 8 -139 788   
48 270 10 980 0   
52 180 20 0 2000   
53 240 7 606 350   
54 30 10 -500 -866   
53 200 8 274 752   
58 200 3 103 282   
56 270 4 400 0   
67 300 3 260 -150   
65 250 3 282 103   
54 330 4 200 -346   
52 20 7 -239 -658   
53 360 5 0 -500   
53 10 5 -87 -492   
48 180 3 0 350   
52 240 4 368 212   
52 280 0 0 0   
50 270 4 400 0   
57 0 0 0 0   
51 260 3 295 52   
53 0 0 0 0   
51 170 10 -174 985   
53 160 7 -239 658   
56 220 13 836 996   
54 220 11 707 843   
54 310 4 306 -257   
56 190 8 139 788   
57 220 16 1028 1226   
58 60 3 -260 -150   
61 150 4 -200 346   
57 0 0 0 0   
50 130 8 -613 514   
53 20 9 -308 -846   
60 90 7 -700 0   
60 100 12 -1182 208   
54 320 4 256 -306   
50 0 0 0 0   
59 110 10 -940 342   
49 180 3 0 300   
53 110 7 -659 240   
54 100 9 -886 156   
50 190 14 243 1379   
54 70 9 -846 -308   
47 140 12 -771 919   
49 210 12 600 1039   
46 280 3 295 -52   
51 100 9 -886 156   
54 200 12 410 1128   
44 150 5 -250 433   
49 60 6 -520 -300   
47 350 5 87 -492   
52 180 16 0 1600   
47 130 6 -460 386   
48 190 8 139 788   
48 200 7 239 658   
46 360 8 0 -800   
51 120 17 -1472 850   
52 90 10 -1000 0   
47 360 6 0 -600   
43 10 5 -87 -492   
38 120 4 -346 200   
41 120 8 -693 400   
42 170 5 -87 492   
42 180 5 0 500   
50 120 4 -346 200   
42 0 0 0 0   
44 190 5 87 492   
42 0 0 0 0   
46 220 16 1028 1226   
42 110 7 -658 239   
47 230 11 843 707   
40 130 13 -996 836   
41 0 0 0 0   
42 140 9 -579 689   
43 200 14 479 1316   
40 110 5 -470 171   
40 150 9 -450 779   
43 0 0 0 0   
40 30 6 -300 -520   
38 70 5 -470 -171   
37 180 8 0 800   
46 200 11 376 1034   
52 200 17 581 1597   
51 190 7 122 689   
48 360 5 0 -500   
43 180 5 0 500   
45 260 10 985 174   
38 0 0 0 0   
38 80 9 -886 -156   
41 180 9 0 900   
42 190 12 208 1182   
45 180 7 0 700   
43 260 5 492 87   
38 20 6 -205 -564   
35 10 7 -122 -689   
28 10 11 -191 -1083   
27 80 9 -886 -156   
29 80 16 -1576 -278   
47 150 12 -600 1039   
48 170 16 -278 1576   
46 190 8 139 788   
48 130 7 -536 450   
49 190 10 174 985   
50 80 8 -788 -139   
48 210 10 500 866   
45 190 7 122 689   
43 90 5 -500 0   
45 180 3 0 300   
49 120 9 -779 450   
48 190 11 191 1083   
51 180 12 0 1200   
49 240 9 779 450   
49 20 4 -138 -380   
56 100 11 -1083 191   
50 270 6 600 0   
53 340 4 137 -376   
57 110 17 -1597 581   
48 120 13 -1126 650   
50 30 8 -400 -693   
47 350 9 156 -886   
50 320 3 193 -230   
56 230 7 536 450   
57 130 13 -996 836   
57 0 0 0 0   
49 180 19 0 1900   
47 250 5 445 162   
47 170 8 -139 788   
49 200 8 274 752   
52 160 12 -410 1128   
48 280 3 295 -52   
48 40 6 -376 -448   
49 210 10 500 866   
52 110 12 -1128 410   
53 280 3 295 -52   
49 120 10 -866 500   
50 320 4 257 -306   
47 200 15 513 1410   
45 200 15 513 1410   
45 230 9 689 579   
47 340 11 376 -1034   
46 220 6 386 460   
46 210 10 500 866   
46 0 0 0 0   
47 340 4 137 -376   
50 130 9 -689 579   
45 290 3 282 -103   
43 190 12 208 1182   
42 260 3 295 52   
46 200 4 137 376   
48 10 9 -156 -886   
47 310 2 180 -151   
51 270 6 600 0   
44 180 7 0 700   
46 180 10 0 1000   
48 150 4 -200 346   
60 330 5 250 -433   
63 250 5 516 188   
60 220 7 450 536   
55 220 6 386 460   
56 190 5 87 492   
52 70 8 -752 -274   
53 40 5 -321 -383   
59 20 9 -308 -846   
60 330 7 338 -585   
62 240 4 329 190   
53 70 5 -470 -171   
51 190 6 104 591   
57 230 12 919 771   
50 240 6 520 300   
55 200 9 308 846   
49 70 8 -765 -278   
45 270 8 800 0   
47 340 11 376 -1034   
54 20 6 -205 -564   
45 200 7 239 658   
48 270 6 575 0   
50 0 0 0 0   
52 260 4 394 69   
50 350 5 87 -492   
52 230 5 383 321   
54 210 9 450 779   
54 140 6 -386 460   
49 270 5 500 0   
50 350 5 87 -492   
52 110 11 -1009 367   
49 300 8 693 -400   
49 200 13 445 1222   
50 260 2 213 38   
54 360 10 0 -1000   
56 350 9 156 -886   
55 270 9 900 0   
54 240 7 601 347   
58 250 5 470 171   
51 230 8 613 514   
57 360 7 0 -700   
66 170 6 -104 591   
64 350 7 122 -689   
61 250 6 588 214   
49 180 10 0 1000   
53 240 7 606 350   
55 260 8 788 139   
63 350 9 148 -841   
68 340 7 239 -658   
71 20 4 -137 -376   
72 290 6 564 -205   
80 360 6 0 -600   
79 330 7 350 -605   
64 300 8 689 -398   
64 260 6 551 97   
64 240 9 752 434   
65 230 9 654 549   
58 260 8 788 139   
61 340 8 273 -751   
52 250 8 752 274   
53 0 0 0 0   
55 210 8 400 693   
53 280 5 492 -87   
57 30 5 -250 -433   
50 200 9 308 846   
54 190 12 208 1182   
53 230 10 766 643   
58 10 14 -243 -1379   
56 220 13 836 996   
62 240 5 433 250   
65 350 7 122 -689   
62 230 9 689 579   
56 220 8 514 613   
60 270 8 800 0   
62 240 7 606 350   
56 250 9 846 308   
54 200 11 376 1034   
49 70 4 -376 -137   
54 220 8 514 613   
67 340 10 342 -940   
63 220 9 579 689   
61 230 8 613 514   
72 290 5 489 -178   
61 210 6 300 520   
69 270 5 525 0   
65 210 6 300 520   
59 190 5 87 492   
65 310 8 593 -498   
74 200 6 222 610   
77 330 5 250 -433   
66 240 5 433 250   
61 210 9 450 779   
58 220 6 386 460   
67 100 6 -591 104   
71 330 5 250 -433   
65 240 7 606 350   
62 180 6 0 600   
51 30 15 -750 -1299   
67 210 6 300 520   
62 250 3 282 103   
57 0 0 0 0   
65 140 6 -382 456   
73 20 9 -308 -846   
81 10 8 -139 -788   
68 250 9 846 308   
66 230 9 689 579   
59 220 12 771 919   
60 220 10 643 766   
61 250 7 658 239   
66 290 6 564 -205   
77 270 5 474 0   
81 350 7 122 -689   
74 260 4 394 69   
67 200 8 274 752   
69 260 3 295 52   
62 220 8 514 613   
59 210 6 300 520   
70 260 6 639 113   
78 360 8 0 -800   
77 330 7 350 -606   
75 290 6 564 -205   
80 10 5 -87 -492   
71 220 7 450 536   
66 220 10 643 766   
69 230 9 689 579   
73 300 7 577 -333   
66 0 0 0 0   
67 0 0 0 0   
86 280 7 689 -122   
79 270 4 400 0   
75 250 4 415 151   
72 290 5 470 -171   
77 330 10 500 -866   
83 330 5 250 -433   
89 250 10 964 351   
74 240 5 415 239   
74 40 6 -418 -498   
82 10 9 -156 -886   
89 280 5 492 -87   
95 360 7 0 -700   
95 320 6 386 -460   
84 250 7 658 239   
71 200 7 239 658   
69 220 7 450 536   
69 220 5 337 402   
80 360 4 0 -400   
84 310 5 383 -321   
83 10 8 -139 -788   
76 270 6 600 0   
75 290 7 658 -239   
70 310 7 544 -456   
76 290 5 470 -171   
78 280 6 591 -104   
78 300 5 433 -250   
81 290 8 752 -274   
82 360 12 0 -1200   
86 290 7 658 -239   
79 200 8 280 769   
68 190 8 139 789   
61 40 14 -900 -1072   
66 360 6 0 -600   
66 110 5 -474 173   
74 360 8 0 -800   
81 20 1 -41 -113   
72 240 7 606 350   
72 320 8 499 -595   
67 220 8 514 613   
72 40 6 -386 -460   
73 300 4 346 -200   
71 180 4 0 394   
74 350 10 167 -945   
81 320 6 386 -460   
80 310 7 566 -475   
80 340 7 239 -658   
87 360 7 0 -700   
85 0 0 0 0   
79 280 5 492 -87   
81 10 9 -153 -867   
79 20 10 -342 -940   
79 210 5 240 416   
79 260 5 492 87   
76 350 9 156 -886   
63 290 5 470 -171   
68 360 5 0 -480   
72 250 6 527 192   
74 10 9 -156 -886   
75 360 7 0 -700   
75 360 6 0 -600   
73 270 3 321 0   
71 290 4 376 -137   
75 180 8 0 800   
61 230 6 460 386   
65 290 4 376 -137   
60 20 8 -274 -752   
67 360 8 0 -800   
72 320 8 514 -613   
70 290 5 470 -171   
72 300 3 260 -150   
57 200 6 205 564   
56 360 8 0 -800   
69 10 6 -104 -591   
69 290 5 470 -171   
70 360 7 0 -700   
69 330 7 350 -606   
69 290 5 470 -171   
62 200 9 308 846   
57 220 14 900 1072   
51 250 7 658 239   
60 210 4 200 346   
67 250 5 470 171   
71 290 5 470 -171   
67 230 3 230 193   
54 180 5 0 500   
54 220 7 450 536   
57 240 4 346 200   
63 90 7 -700 0   
55 120 5 -433 250   
56 200 14 479 1316   
55 190 8 139 788   
54 20 6 -205 -564   
55 230 4 306 257   
50 120 8 -693 400   
52 350 6 104 -591   
55 350 7 122 -689   
64 360 5 0 -500   
66 330 3 150 -260   
67 200 5 171 470   
51 290 4 376 -137   
54 170 3 -52 295   
58 220 8 514 613   
63 320 5 321 -383   
52 220 10 643 766   
51 0 0 0 0   
52 0 0 0 0   
48 0 0 0 0   
50 200 6 205 564   
54 280 3 295 -52   
54 170 5 -87 492   
51 0 0 0 0   
54 120 5 -433 250   
51 200 11 376 1034   
48 0 0 0 0   
49 10 12 -208 -1182   
47 140 5 -321 383   
48 240 5 433 250   
53 80 6 -591 -104   
48 140 8 -514 613   
49 180 8 0 800   
51 180 8 0 800   
54 0 0 0 0   
55 210 12 600 1039   
51 10 0 0 0   
47 160 6 -205 564   
48 140 3 -193 230   
46 160 5 -171 470   
52 180 13 0 1300   
47 220 15 964 1149   
45 170 7 -122 689   
49 150 9 -450 779   
47 160 14 -479 1316   
46 120 6 -562 324   
43 130 12 -919 771   
47 150 4 -200 346   
43 0 0 0 0   
43 180 9 0 900   
41 340 9 308 -846   
45 210 11 550 953   
41 190 11 191 1083   
43 260 5 492 87   
40 200 4 137 376   
39 210 11 550 953   
43 200 10 342 940   
39 180 10 0 1000   
43 210 5 250 433   
43 240 3 260 150   
47 200 5 171 470   
49 170 11 -191 1083   
56 180 8 0 800   
49 250 7 699 254   
43 180 7 0 700   
46 230 7 536 450   
46 280 3 295 -52   
43 80 5 -492 -87   
40 30 10 -500 -866   
26 10 14 -243 -1379   
23 40 5 -321 -383   
24 350 5 87 -492   
27 10 3 -52 -295   
28 230 4 306 257   
41 220 9 579 689   
46 190 15 260 1477   
43 210 11 550 953   
49 210 11 550 953   
51 200 7 239 658   
52 200 17 581 1597   
49 0 0 0 0   
45 230 10 766 643   
43 20 5 -171 -470   
42 20 10 -342 -940   
43 350 4 69 -394   
44 150 4 -200 346   
48 180 4 0 400   
46 210 9 450 779   
47 140 7 -450 536   
45 160 3 -103 282   
44 0 0 0 0   
52 210 8 400 693   
48 230 8 613 514   
47 210 8 400 693   
43 200 3 103 282   
48 220 14 900 1072   
45 0 0 0 0   
44 220 11 707 843   
43 140 7 -450 536   
47 220 15 964 1149   
46 150 6 -300 520   
48 200 3 103 282   
44 220 18 1157 1379   
41 360 7 0 -700   
42 10 7 -122 -689   
42 210 4 200 346   
41 360 7 0 -700   
38 0 0 0 0   
41 200 19 650 1785   
45 190 18 313 1773   
48 220 10 643 766   
40 170 4 -69 394   
37 240 11 953 550   
42 190 17 295 1674   
47 240 17 1472 850   
43 220 6 386 460   
46 230 14 1072 900   
43 190 18 313 1773   
47 230 27 2068 1736   
41 190 17 295 1674   
38 210 6 300 520   
37 210 6 310 537   
40 210 13 650 1126   
48 110 11 -1034 376   
48 0 0 0 0   
47 200 9 308 846   
45 220 3 193 230   
50 110 8 -752 274   
46 250 6 564 205   
45 230 12 919 771   
48 200 5 171 470   
44 180 8 0 800   
50 120 24 -2078 1200   
46 210 20 1000 1732   
46 230 18 1379 1157   
42 120 10 -866 500   
47 230 9 689 579   
44 200 16 547 1504   
46 120 5 -433 250   
49 130 10 -766 643   
44 220 14 900 1072   
42 190 10 174 985   
47 70 10 -940 -342   
44 190 13 226 1280   
39 250 4 376 137   
45 190 7 121 687   
49 10 9 -156 -886   
47 230 10 766 643   
45 250 15 1410 513   
45 180 12 0 1200   
49 310 5 383 -321   
52 270 5 500 0   
47 140 7 -450 536   
49 220 8 514 613   
49 210 9 450 779   
43 230 7 536 450   
49 170 2 -42 237   
50 190 9 156 886   
51 320 5 321 -383   
59 360 8 0 -800   
59 250 4 376 137   
54 230 4 306 257   
59 250 5 470 171   
58 230 4 306 257   
51 230 6 460 386   
50 230 11 843 707   
42 220 11 707 843   
41 190 7 122 689   
45 160 13 -445 1222   
44 190 17 295 1674   
47 140 4 -257 306   
50 10 6 -104 -591   
54 10 11 -191 -1083   
46 200 8 274 752   
44 40 7 -450 -536   
41 190 11 191 1083   
52 20 8 -274 -752   
55 210 9 450 779   
45 190 11 191 1083   
43 340 7 239 -658   
47 200 13 445 1222   
52 310 6 460 -386   
63 260 6 591 104   
54 200 9 308 846   
52 360 9 0 -881   
61 350 9 156 -886   
74 80 15 -1477 -260   
79 290 7 658 -239   
68 270 7 700 0   
57 200 7 239 658   
48 220 4 257 306   
50 90 7 -700 0   
50 10 4 -74 -419   
60 230 6 491 412   
67 20 7 -239 -658   
70 270 4 400 0   
54 240 7 606 350   
48 230 11 843 707   
49 270 6 600 0   
57 20 10 -342 -940   
63 20 8 -274 -752   
60 260 7 689 122   
53 220 12 771 919   
48 200 11 360 990   
52 240 15 1299 750   
51 230 13 996 836   
60 10 0 0 0   
52 140 6 -368 439   
43 180 10 0 1021   
48 260 8 788 139   
53 280 5 492 -87   
58 180 10 0 950   
53 190 7 122 689   
49 300 5 433 -250   
53 260 5 535 94   
56 320 7 450 -536   
55 170 6 -104 591   
55 230 6 460 386   
56 310 6 498 -418   
55 290 8 752 -274   
56 300 5 433 -250   
60 250 5 470 171   
61 300 7 606 -350   
70 10 8 -139 -788   
78 350 7 122 -689   
70 210 10 500 866   
60 30 10 -500 -866   
67 350 6 104 -591   
70 350 9 156 -886   
63 340 7 239 -658   
67 320 7 450 -536   
67 350 8 140 -792   
56 200 7 239 658   
55 270 5 529 0   
60 130 4 -305 256   
65 30 10 -500 -866   
54 190 8 139 788   
55 240 17 1472 850   
56 230 11 843 707   
57 170 9 -156 886   
55 230 8 613 514   
62 40 8 -499 -595   
64 290 5 470 -171   
77 260 8 768 135   
82 240 7 606 350   
81 350 7 122 -689   
83 350 8 139 -788   
65 260 7 689 122   
67 300 0 0 0   
69 360 5 0 -549   
64 210 12 600 1039   
65 330 9 428 -741   
57 210 4 200 346   
60 220 10 643 766   
61 140 7 -450 536   
67 190 7 122 689   
58 220 9 579 689   
63 240 11 953 550   
59 0 0 0 0   
61 240 6 520 300   
58 220 6 386 460   
64 150 5 -250 433   
64 150 5 -250 433   
58 220 15 964 1149   
54 270 8 839 0   
61 230 6 460 386   
65 280 6 591 -104   
74 350 7 122 -689   
78 250 10 940 342   
60 230 14 1072 900   
71 80 9 -913 -161   
86 320 7 450 -536   
82 20 10 -342 -940   
80 360 5 0 -500   
76 360 8 0 -800   
73 230 8 613 514   
62 220 12 771 919   
67 0 0 0 0   
59 230 4 306 257   
56 180 9 0 900   
69 10 7 -118 -670   
78 10 8 -139 -788   
74 190 7 122 689   
67 350 8 140 -793   
74 290 5 499 -182   
68 330 1 50 -87   
66 220 10 643 766   
66 300 8 693 -400   
76 350 6 104 -591   
82 350 6 104 -591   
80 340 3 113 -310   
64 340 11 359 -987   
72 250 8 752 274   
76 270 6 600 0   
70 210 6 300 520   
78 250 4 341 124   
69 90 5 -500 0   
78 360 9 0 -900   
68 210 8 400 693   
69 210 5 250 433   
67 230 6 460 386   
75 20 5 -171 -470   
75 290 7 677 -247   
80 360 7 0 -700   
62 240 6 520 300   
71 250 7 658 239   
65 180 5 0 500   
67 210 5 250 433   
60 170 9 -156 886   
75 290 5 423 -154   
78 320 5 321 -383   
71 200 10 342 940   
72 210 7 337 584   
75 190 6 104 591   
73 160 6 -205 563   
75 360 8 0 -800   
82 20 6 -205 -564   
77 220 8 514 613   
72 230 8 613 514   
77 320 5 324 -386   
77 290 5 470 -171   
67 210 5 250 433   
55 20 9 -308 -846   
62 110 7 -658 239   
60 210 10 500 866   
67 350 7 122 -689   
74 360 8 0 -800   
75 360 6 0 -600   
72 0 0 0 0   
64 230 11 843 707   
65 20 8 -274 -752   
69 360 8 0 -800   
80 310 3 211 -177   
69 270 7 700 0   
67 360 8 0 -800   
71 350 6 104 -591   
79 360 12 0 -1200   
85 10 8 -139 -788   
79 290 6 564 -205   
57 220 5 321 383   
63 280 5 492 -87   
68 360 8 0 -800   
73 10 7 -122 -689   
81 360 6 0 -640   
78 20 7 -239 -658   
77 290 3 263 -96   
80 290 5 470 -171   
59 200 6 205 564   
59 220 6 386 460   
64 40 11 -707 -843   
60 290 7 682 -248   
59 340 6 205 -564   
69 290 4 376 -137   
65 10 9 -156 -886   
60 10 7 -122 -689   
61 20 8 -287 -788   
65 10 8 -139 -788   
66 290 4 376 -137   
65 280 3 295 -52   
58 180 6 0 600   
60 210 7 350 606   
57 200 8 274 752   
54 220 5 321 383   
57 20 4 -140 -385   
51 10 9 -156 -886   
51 0 0 0 0   
58 190 6 104 591   
58 30 12 -600 -1039   
55 330 4 200 -346   
53 50 6 -429 -360   
57 360 6 0 -600   
58 10 10 -174 -985   
62 10 11 -191 -1083   
64 10 6 -104 -590   
62 290 3 282 -103   
61 290 4 376 -137   
64 170 3 -52 295   
53 150 9 -450 779   
56 350 5 87 -492   
54 210 8 400 693   
52 360 6 0 -600   
47 110 17 -1597 581   
54 220 15 964 1149   
50 180 7 0 700   
58 210 12 600 1039   
53 210 5 250 433   
50 10 8 -139 -788   
47 360 4 0 -400   
49 170 11 -191 1083   
48 360 4 0 -400   
48 10 5 -87 -492   
59 0 0 0 0   
59 150 4 -200 346   
51 230 12 919 771   
55 180 16 0 1600   
48 150 6 -300 520   
57 160 8 -274 752   
47 20 6 -205 -564   
50 140 6 -386 460   
51 210 5 270 468   
53 280 3 295 -52   
49 190 4 69 394   
50 240 4 346 200   
49 0 0 0 0   
50 190 7 122 689   
45 190 8 139 788   
44 160 3 -103 282   
44 190 6 104 591   
47 220 6 386 460   
50 200 13 445 1222   
42 190 8 132 748   
44 230 8 613 514   
44 170 5 -87 492   
54 150 3 -150 260   
52 210 6 300 520   
50 150 4 -200 346   
44 150 10 -500 866   
45 230 10 766 643   
44 180 4 0 400   
46 180 5 0 500   
47 200 15 513 1410   
47 230 11 843 707   
46 330 0 0 0   
43 130 7 -536 450   
44 220 11 707 843   
43 190 10 174 985   
50 220 12 771 919   
44 230 13 996 836   
40 180 16 0 1600   
44 190 16 278 1576   
50 210 16 800 1386   
50 230 3 230 193   
52 200 13 445 1222   
45 220 9 579 689   
43 150 5 -250 433   
45 20 8 -274 -752   
43 120 4 -346 200   
39 0 0 0 0   
39 0 0 0 0   
40 0 0 0 0   
41 360 6 0 -600   
36 160 3 -103 282   
38 0 0 0 0   
43 160 4 -137 376   
40 0 0 0 0   
42 280 3 295 -52   
45 210 8 400 693   
41 190 5 87 492   
44 230 9 689 579   
44 180 9 0 900   
48 230 11 843 707   
44 150 4 -200 346   
39 240 8 693 400   
45 190 7 122 689   
43 240 4 346 200   
39 230 14 1072 900   
35 130 7 -536 450   
37 200 11 376 1034   
37 110 6 -564 205   
39 350 3 52 -295   
43 210 10 500 866   
41 20 9 -308 -846   
48 200 25 855 2349   
46 20 6 -205 -564   
40 10 8 -139 -788   
41 360 7 0 -700   
46 180 3 0 300   
47 0 0 0 0   
45 30 3 -150 -260   
44 10 11 -191 -1083   
45 10 7 -122 -689   
45 210 9 450 779   
43 0 0 0 0   
46 20 7 -239 -658   
45 300 6 520 -300   
50 110 8 -752 274   
44 130 13 -996 836   
49 110 6 -564 205   
46 200 12 410 1128   
45 360 10 0 -1000   
58 90 14 -1400 0   
54 310 4 306 -257   
52 330 3 150 -260   
53 320 3 193 -230   
47 190 10 174 985   
49 220 11 707 843   
49 0 0 0 0   
45 350 6 104 -591   
47 0 0 0 0   
42 170 4 -69 394   
47 10 8 -139 -788   
37 340 5 171 -470   
45 200 8 274 752   
45 360 10 0 -1000   
47 320 0 0 0   
48 360 5 0 -500   
54 120 11 -953 550   
55 130 4 -306 257   
48 180 4 0 400   
43 240 10 866 500   
44 300 5 433 -250   
45 200 6 205 564   
41 110 7 -658 239   
48 350 4 69 -394   
50 230 6 460 386   
45 170 14 -243 1379   
45 0 0 0 0   
50 210 7 350 606   
45 180 5 0 500   
43 320 3 193 -230   
45 350 7 122 -689   
47 220 6 386 460   
52 90 7 -708 0   
46 0 0 0 0   
50 160 3 -103 282   
52 220 3 193 230   
46 210 7 350 606   
46 180 4 0 400   
53 270 5 500 0   
45 220 16 1028 1226   
49 280 3 295 -52   
50 240 14 1212 700   
46 200 17 581 1597   
48 220 16 1028 1226   
45 270 4 400 0   
48 220 5 321 383   
54 20 7 -228 -626   
49 210 10 480 832   
50 230 10 766 643   
54 290 6 564 -205   
49 60 4 -346 -200   
55 190 7 122 689   
47 190 13 226 1280   
46 250 7 658 239   
51 10 4 -78 -443   
58 10 9 -156 -886   
62 360 7 0 -700   
62 360 10 0 -1000   
63 20 8 -270 -742   
64 330 6 300 -520   
48 0 0 0 0   
48 190 12 208 1182   
49 200 4 137 376   
58 350 8 139 -788   
61 290 7 677 -246   
54 260 6 591 104   
62 110 8 -771 280   
67 360 5 0 -500   
64 0 0 0 0   
52 230 9 689 579   
52 230 9 689 579   
55 180 6 0 600   
53 10 6 -104 -591   
62 360 6 0 -600   
61 230 9 689 579   
60 260 9 896 158   
64 260 5 492 87   
61 220 5 321 383   
52 210 13 650 1126   
50 240 11 953 550   
55 360 6 0 -600   
51 220 11 707 843   
61 330 6 300 -520   
48 230 7 536 450   
50 200 10 342 940   
55 280 4 394 -69   
64 270 5 500 0   
61 300 0 0 0   
61 250 5 470 171   
54 240 10 866 500   
50 270 7 700 0   
53 200 11 376 1034   
58 310 6 460 -386   
61 180 9 0 940   
54 190 7 122 689   
48 200 11 376 1034   
52 240 9 779 450   
53 210 16 800 1386   
57 290 6 564 -205   
61 360 7 0 -700   
72 50 9 -669 -561   
70 280 5 484 -85   
67 210 7 350 606   
58 130 8 -628 527   
61 220 5 321 383   
63 220 9 579 689   
61 200 4 137 376   
58 240 8 693 400   
60 280 7 689 -122   
63 320 9 553 -659   
64 290 5 470 -171   
61 220 10 643 766   
59 260 9 886 156   
61 250 10 940 342   
60 220 11 733 873   
59 220 6 386 460   
51 150 8 -400 693   
56 220 9 579 689   
67 340 9 308 -846   
65 200 9 304 834   
77 100 8 -787 139   
81 300 4 346 -200   
61 220 8 546 650   
56 250 7 658 239   
56 300 3 238 -138   
60 240 9 779 450   
55 220 7 450 536   
56 230 10 766 643   
55 160 9 -308 846   
61 210 15 750 1299   
65 220 9 579 689   
61 220 4 257 306   
64 300 7 606 -350   
72 10 10 -174 -985   
78 0 0 0 0   
59 230 9 689 579   
64 350 7 122 -691   
72 330 9 450 -780   
68 240 6 520 300   
67 220 8 514 613   
68 200 7 239 658   
68 330 8 400 -693   
79 360 8 0 -800   
83 360 8 0 -800   
87 290 5 470 -171   
86 210 6 300 520   
71 180 5 0 492   
63 0 0 0 0   
64 320 9 579 -690   
61 230 5 383 321   
59 170 6 -104 591   
65 0 1 0 -147   
71 320 8 514 -613   
71 60 8 -692 -400   
75 340 5 178 -488   
66 240 7 606 350   
67 270 7 661 0   
70 180 6 0 560   
67 60 2 -152 -88   
77 30 11 -550 -952   
69 230 12 919 771   
67 310 7 536 -450   
73 10 12 -208 -1182   
81 360 5 0 -520   
81 240 6 520 300   
68 220 7 450 536   
75 40 9 -599 -714   
80 240 8 680 392   
83 290 7 640 -233   
63 230 10 766 643   
71 120 7 -607 351   
78 90 5 -531 0   
72 240 12 1039 600   
69 230 6 482 405   
76 250 7 658 239   
70 230 6 460 386   
80 360 7 0 -700   
84 360 10 0 -1000   
77 190 8 139 788   
76 350 6 104 -591   
78 340 8 265 -729   
79 360 9 0 -852   
82 250 4 376 137   
80 120 7 -628 362   
71 250 7 658 239   
71 240 5 434 250   
80 300 6 527 -304   
70 240 5 433 250   
67 200 5 171 470   
68 260 5 492 87   
72 310 8 602 -505   
69 230 6 460 386   
67 250 7 658 239   
66 250 9 800 291   
72 20 9 -324 -891   
71 230 5 383 321   
64 220 9 579 689   
67 200 11 376 1034   
69 290 5 470 -171   
74 350 8 139 -788   
79 360 7 0 -700   
81 360 5 0 -540   
70 250 8 784 286   
70 220 8 514 613   
67 130 7 -536 450   
67 300 6 520 -300   
74 120 9 -749 433   
65 230 8 613 514   
66 180 3 0 350   
63 230 11 843 707   
66 270 6 600 0   
61 230 13 996 836   
67 10 10 -174 -985   
67 320 9 589 -702   
60 210 6 300 520   
66 290 8 752 -274   
61 220 7 450 536   
61 230 15 1179 990   
59 220 9 579 689   
59 40 8 -514 -613   
66 270 5 500 0   
74 360 6 0 -600   
75 10 9 -156 -886   
83 210 9 450 779   
70 240 8 693 400   
68 270 7 700 0   
72 0 0 0 0   
67 220 8 514 613   
70 10 7 -122 -689   
61 10 5 -90 -512   
66 20 8 -274 -752   
63 350 9 156 -886   
70 280 8 761 -134   
71 330 7 358 -619   
72 30 7 -362 -628   
75 0 0 0 0   
72 200 8 274 752   
63 260 5 466 82   
61 230 4 306 257   
56 40 15 -964 -1149   
57 0 0 0 0   
60 30 8 -400 -693   
58 350 7 122 -689   
59 50 9 -652 -547   
64 360 8 0 -800   
76 100 7 -689 122   
74 240 4 346 200   
63 250 3 282 103   
56 160 5 -171 470   
55 40 7 -450 -536   
60 250 6 564 205   
58 230 6 460 386   
56 200 3 103 282   
56 0 0 0 0   
53 0 0 0 0   
54 150 6 -300 520   
65 220 7 450 536   
56 220 6 386 460   
53 210 3 150 260   
54 220 11 707 843   
58 50 10 -766 -643   
57 310 4 306 -257   
60 360 3 0 -341   
58 300 3 260 -150   
55 360 7 0 -700   
52 170 3 -52 295   
52 140 4 -257 306   
55 180 14 0 1400   
54 0 0 0 0   
48 0 0 0 0   
51 60 6 -520 -300   
50 190 3 52 295   
53 0 0 0 0   
56 210 4 200 346   
52 210 10 500 866   
46 140 7 -450 536   
50 0 0 0 0   
49 50 1 -57 -48   
45 100 5 -492 87   
44 30 10 -500 -866   
45 10 9 -156 -886   
40 0 0 0 0   
41 0 0 0 0   
45 80 6 -591 -104   
45 300 0 0 0   
44 10 4 -69 -394   
42 350 4 69 -394   
43 320 3 193 -230   
44 10 3 -52 -295   
43 230 4 306 257   
49 20 6 -205 -564   
48 290 3 282 -103   
46 0 0 0 0   
46 230 9 689 579   
46 170 4 -69 394   
43 40 2 -100 -120   
46 190 11 191 1084   
46 190 2 33 186   
46 80 8 -788 -139   
45 170 4 -69 394   
50 170 5 -87 492   
51 130 10 -766 643   
48 0 0 0 0   
43 20 12 -410 -1128   
47 360 6 0 -600   
46 300 4 324 -187   
46 0 0 0 0   
39 70 5 -423 -154   
40 160 5 -171 470   
40 0 0 0 0   
37 20 9 -308 -846   
36 30 10 -488 -845   
34 0 0 0 0   
32 40 3 -193 -230   
41 210 12 600 1039   
36 30 6 -300 -520   
45 210 14 700 1212   
45 90 6 -600 0   
40 210 4 200 346   
40 330 3 150 -260   
41 110 8 -752 274   
43 120 9 -779 450   
43 140 9 -579 689   
42 140 5 -321 383   
44 0 0 0 0   
47 300 4 346 -200   
47 290 3 282 -103   
46 0 0 0 0   
45 0 0 0 0   
43 190 4 69 394   
50 70 6 -564 -205   
47 200 7 239 658   
47 0 0 0 0   
51 0 0 0 0   
46 260 8 788 139   
49 160 4 -137 376   
47 210 13 650 1126   
44 20 10 -342 -940   
55 120 12 -1039 600   
46 180 8 0 800   
49 120 13 -1126 650   
49 30 13 -650 -1126   
45 10 5 -87 -492   
44 180 4 0 400   
40 30 7 -350 -606   
41 0 0 0 0   
41 20 4 -137 -376   
37 130 5 -383 321   
39 120 4 -346 200   
43 0 0 0 0   
47 210 8 400 693   
47 0 0 0 0   
44 30 5 -250 -433   
52 110 9 -846 308   
50 120 19 -1645 950   
42 190 6 104 591   
47 20 12 -410 -1128   
48 340 6 205 -564   
43 0 0 0 0   
41 180 5 0 500   
45 240 12 1039 600   
43 190 15 260 1477   
47 60 5 -433 -250   
47 220 3 193 230   
47 220 11 707 843   
46 0 0 0 0   
51 220 12 771 919   
42 0 0 0 0   
39 350 14 243 -1379   
40 240 5 433 250   
36 210 3 150 260   
44 10 9 -156 -886   
44 120 11 -953 550   
46 350 10 174 -985   
46 10 5 -87 -492   
46 360 9 0 -900   
41 150 5 -250 433   
39 350 9 156 -886   
39 100 7 -689 122   
48 90 7 -700 0   
49 250 5 470 171   
49 360 10 0 -1000   
52 280 4 394 -69   
48 210 7 350 606   
48 350 7 122 -689   
46 210 5 250 433   
48 0 0 0 0   
48 40 10 -643 -766   
48 360 8 0 -800   
52 340 5 171 -470   
49 240 4 346 200   
44 170 15 -260 1477   
40 210 11 550 953   
45 330 5 250 -433   
52 90 8 -800 0   
57 20 8 -274 -752   
62 360 7 0 -700   
64 240 4 346 200   
50 0 0 0 0   
50 20 5 -171 -470   
47 270 4 400 0   
50 0 0 0 0   
49 210 6 300 520   
46 230 14 1072 900   
49 200 6 205 564   
44 240 9 779 450   
44 260 7 671 118   
49 210 7 350 606   
51 200 13 445 1222   
48 230 12 919 771   
53 0 0 0 0   
52 340 8 274 -752   
55 330 7 350 -606   
58 300 5 433 -250   
62 250 6 564 205   
51 240 10 866 500   
47 340 4 137 -376   
41 250 3 282 103   
48 140 11 -694 828   
48 220 13 836 996   
51 240 5 455 263   
52 230 22 1685 1414   
45 290 7 658 -239   
44 240 7 606 350   
46 20 4 -137 -376   
60 220 5 321 383   
42 180 12 0 1200   
44 220 8 514 613   
49 210 10 500 866   
50 70 6 -564 -205   
50 230 14 1072 900   
39 70 8 -752 -274   
55 360 5 0 -500   
44 220 11 707 843   
48 240 9 779 450   
51 320 10 634 -756   
64 360 5 0 -500   
63 0 0 0 0   
50 200 8 274 752   
56 210 6 300 520   
55 0 0 0 0   
58 360 8 0 -800   
60 230 10 766 643   
48 200 7 239 658   
59 230 8 613 514   
69 230 8 613 514   
70 350 7 122 -689   
65 190 8 139 788   
54 220 5 321 383   
48 230 10 766 643   
48 190 10 174 985   
52 220 14 900 1072   
51 180 4 0 400   
56 270 2 229 0   
57 300 5 433 -250   
52 240 7 606 350   
52 240 4 346 200   
60 300 4 346 -200   
69 350 7 126 -716   
56 20 9 -308 -846   
58 0 0 0 0   
61 300 9 793 -458   
68 360 7 0 -665   
64 230 9 689 579   
61 220 5 321 383   
52 180 10 0 1000   
53 0 0 0 0   
58 250 7 658 239   
55 230 5 383 321   
60 330 8 383 -664   
57 10 7 -122 -689   
63 300 10 866 -500   
73 350 7 122 -689   
81 280 6 591 -104   
81 210 6 323 560   
69 70 6 -550 -200   
75 320 6 386 -460   
72 280 4 394 -69   
65 240 8 693 400   
54 250 13 1222 445   
61 300 7 606 -350   
68 0 0 0 0   
81 330 5 250 -433   
56 210 12 600 1039   
55 210 13 650 1126   
56 260 5 492 87   
60 220 5 321 383   
57 190 6 104 591   
63 20 6 -188 -517   
73 270 5 505 0   
73 270 8 760 0   
58 230 8 613 514   
55 210 8 400 693   
49 190 9 149 847   
57 140 5 -321 383   
65 180 4 0 433   
60 0 0 0 0   
62 290 4 392 -143   
63 290 2 188 -68   
63 260 6 591 104   
66 20 9 -312 -856   
77 30 7 -350 -606   
78 10 4 -74 -419   
76 200 7 239 658   
63 40 6 -402 -479   
63 0 0 0 0   
53 220 8 514 613   
66 320 7 450 -536   
70 310 5 383 -321   
64 130 8 -613 514   
65 330 4 200 -346   
69 50 6 -459 -385   
68 240 5 433 250   
69 300 7 607 -351   
77 350 8 139 -788   
82 360 8 0 -800   
76 210 7 350 606   
66 270 8 800 0   
69 220 6 386 460   
71 280 5 492 -87   
77 310 7 536 -450   
80 10 6 -104 -591   
77 210 7 350 606   
77 10 9 -156 -885   
74 160 4 -130 358   
65 260 7 689 122   
65 180 7 0 700   
58 220 6 386 460   
62 230 13 996 836   
62 210 10 500 866   
68 220 5 321 383   
72 250 9 846 308   
71 60 6 -489 -283   
64 200 5 171 470   
71 330 7 340 -590   
76 270 6 600 0   
72 330 9 433 -749   
76 100 7 -641 113   
70 320 3 193 -230   
70 260 8 763 135   
62 220 14 900 1072   
65 300 5 433 -250   
69 240 5 433 250   
65 280 8 788 -139   
66 240 5 433 250   
72 270 8 800 0   
67 240 5 433 250   
66 260 7 689 122   
71 300 6 498 -287   
73 230 9 689 579   
72 350 9 156 -886   
78 350 8 139 -788   
86 10 8 -139 -788   
86 280 6 591 -104   
80 280 7 713 -126   
84 250 7 639 233   
76 290 6 564 -205   
77 30 7 -350 -606   
72 360 6 0 -625   
63 290 7 658 -239   
69 280 7 689 -122   
68 250 5 470 171   
69 100 8 -804 142   
70 210 9 450 779   
64 200 5 171 470   
59 230 5 365 306   
59 210 5 250 433   
70 220 6 369 439   
74 340 7 239 -658   
75 270 6 600 0   
71 210 2 99 172   
74 360 9 0 -900   
76 360 9 0 -900   
72 180 5 0 500   
67 290 6 541 -197   
66 10 8 -139 -788   
69 260 9 846 149   
66 0 1 0 -124   
64 40 8 -514 -613   
63 0 5 0 -469   
60 280 5 492 -87   
67 290 8 789 -287   
73 10 6 -104 -591   
70 10 9 -156 -886   
72 300 5 433 -250   
74 10 5 -87 -492   
76 340 6 205 -564   
75 310 5 402 -338   
76 290 5 470 -171   
75 50 7 -535 -449   
57 210 4 200 346   
56 0 0 0 0   
61 0 0 0 0   
63 280 5 492 -87   
66 0 0 0 0   
64 210 7 350 606   
77 0 0 0 0   
74 280 4 394 -69   
62 270 5 500 0   
57 220 7 450 536   
56 200 15 513 1410   
56 250 4 376 137   
65 200 6 205 564   
70 0 0 0 0   
63 360 5 0 -500   
67 340 4 137 -376   
64 310 6 494 -415   
61 360 9 0 -900   
70 10 11 -191 -1083   
71 0 0 0 0   
61 30 8 -400 -693   
55 190 7 122 689   
53 90 4 -400 0   
57 230 3 230 193   
52 210 13 650 1126   
56 190 5 87 492   
55 220 12 771 919   
54 210 7 350 606   
55 350 5 88 -497   
58 290 5 470 -171   
50 160 7 -239 658   
54 0 0 0 0   
54 210 12 600 1039   
53 40 14 -900 -1072   
50 0 0 0 0   
53 210 14 700 1212   
54 220 19 1221 1455   
52 230 9 689 579   
46 190 7 122 689   
54 160 5 -171 470   
56 0 0 0 0   
43 200 3 103 282   
47 350 4 69 -394   
49 0 0 0 0   
50 170 6 -104 591   
49 200 12 410 1128   
53 170 5 -87 492   
51 300 0 0 0   
54 210 3 150 260   
51 180 4 0 400   
48 170 6 -104 591   
46 140 6 -386 460   
53 0 0 0 0   
50 0 0 0 0   
54 0 0 0 0   
54 130 5 -383 321   
51 0 0 0 0   
52 170 4 -69 394   
51 110 8 -752 274   
56 230 8 643 540   
51 140 11 -707 843   
49 360 4 0 -400   
46 30 8 -400 -693   
55 120 16 -1386 800   
54 110 9 -846 308   
50 130 6 -460 386   
49 70 3 -282 -103   
46 0 0 0 0   
48 0 0 0 0   
45 360 8 0 -800   
41 180 8 0 800   
45 230 7 536 450   
42 0 0 0 0   
42 140 15 -964 1149   
42 210 11 550 953   
42 160 12 -410 1128   
45 190 16 278 1576   
41 10 11 -191 -1083   
42 180 9 0 900   
40 200 12 410 1128   
41 190 12 208 1182   
45 250 7 658 239   
46 210 5 250 433   
44 220 11 707 843   
41 0 0 0 0   
38 130 6 -460 386   
43 10 7 -122 -689   
42 160 6 -205 564   
50 170 24 -417 2364   
42 250 6 564 205   
41 150 4 -200 346   
50 170 16 -278 1576   
42 190 9 156 886   
41 200 14 479 1316   
41 30 10 -500 -866   
39 10 4 -69 -394   
43 10 4 -69 -394   
46 120 14 -1212 700   
47 0 0 0 0   
49 110 8 -752 274   
44 130 8 -613 514   
41 0 0 0 0   
48 120 7 -606 350   
49 40 8 -514 -613   
44 0 0 0 0   
47 200 7 240 659   
47 110 8 -752 274   
46 110 14 -1316 479   
49 180 7 0 700   
48 210 6 300 520   
48 140 3 -210 250   
50 110 8 -752 274   
53 170 9 -156 886   
56 210 9 450 779   
49 200 13 445 1222   
47 330 4 180 -311   
45 160 4 -137 376   
48 0 0 0 0   
46 250 12 1128 410   
41 300 3 260 -150   
41 10 7 -122 -689   
40 350 3 52 -295   
39 120 4 -346 200   
40 230 6 460 386   
38 150 8 -400 693   
43 240 10 866 500   
42 210 16 800 1386   
38 220 9 579 689   
39 210 8 400 693   
42 190 13 226 1280   
44 200 11 376 1034   
37 170 6 -104 591   
36 190 11 191 1083   
34 170 5 -87 492   
35 40 8 -514 -613   
33 170 4 -69 394   
41 210 15 750 1299   
40 210 8 400 693   
44 220 8 514 613   
49 110 8 -752 274   
46 200 8 274 752   
46 0 0 0 0   
44 230 10 766 643   
46 200 12 410 1128   
43 150 3 -138 239   
46 220 14 900 1072   
53 110 8 -752 274   
44 220 17 1093 1302   
44 360 8 0 -800   
44 10 9 -156 -886   
43 200 7 239 658   
49 350 7 122 -689   
59 120 4 -360 208   
47 240 4 346 200   
47 200 8 274 752   
51 180 10 0 1000   
47 220 10 643 766   
49 0 0 0 0   
55 210 17 850 1472   
51 180 5 0 500   
40 360 5 0 -500   
40 360 10 0 -1000   
48 80 12 -1182 -208   
47 360 9 0 -900   
44 0 0 0 0   
46 350 10 174 -985   
48 360 5 0 -500   
51 350 5 87 -492   
54 340 5 171 -470   
55 240 12 1039 600   
42 50 8 -613 -514   
37 360 9 0 -900   
37 230 13 996 836   
39 230 12 919 771   
49 210 13 650 1126   
47 210 15 750 1299   
50 220 12 771 919   
42 190 14 243 1379   
42 210 8 400 693   
44 220 11 707 843   
41 210 14 700 1212   
35 130 3 -230 193   
40 230 6 460 386   
37 180 15 0 1500   
41 210 10 500 866   
32 10 16 -278 -1576   
51 30 9 -450 -779   
52 340 3 103 -282   
57 0 0 0 0   
51 210 9 450 779   
54 270 3 300 0   
45 210 11 550 953   
44 220 17 1093 1302   
46 20 11 -376 -1034   
52 200 12 410 1128   
51 240 4 346 200   
54 220 8 514 613   
50 320 7 450 -536   
51 360 10 0 -1000   
60 10 10 -174 -985   
65 350 8 139 -788   
53 220 10 643 766   
51 220 17 1093 1302   
50 220 6 386 460   
59 300 7 606 -350   
51 200 8 274 752   
52 210 9 450 779   
54 200 8 274 752   
53 190 8 139 788   
53 350 3 52 -295   
43 220 14 900 1072   
48 200 14 479 1316   
45 190 4 75 424   
52 360 7 0 -700   
56 350 7 122 -689   
51 220 6 386 460   
53 220 3 193 230   
47 120 5 -433 250   
50 220 20 1286 1532   
54 20 3 -98 -270   
57 350 13 226 -1280   
58 320 8 514 -613   
46 140 8 -514 613   
50 240 5 433 250   
62 330 4 201 -348   
64 350 11 191 -1083   
65 260 4 394 69   
51 220 9 579 689   
53 220 18 1157 1379   
56 210 12 600 1039   
50 230 12 919 771   
51 240 12 1039 600   
44 40 6 -386 -460   
52 0 0 0 0   
54 260 6 591 104   
55 270 8 800 0   
60 260 7 730 129   
65 350 8 139 -788   
77 360 7 0 -674   
48 200 9 308 846   
54 10 7 -122 -689   
58 310 7 536 -450   
66 200 8 274 752   
60 300 6 519 -300   
62 70 5 -433 -158   
55 10 4 -69 -394   
62 0 0 0 0   
58 330 4 200 -346   
56 0 0 0 0   
62 270 6 600 0   
67 290 6 564 -205   
65 340 6 205 -564   
67 190 6 98 558   
66 300 4 376 -217   
62 150 7 -350 606   
60 250 7 658 239   
64 240 5 433 250   
64 340 7 239 -658   
68 280 6 615 -109   
66 90 0 -34 0   
68 210 6 300 520   
64 220 8 514 613   
62 230 14 1072 900   
60 20 9 -308 -846   
49 170 4 -69 394   
58 360 9 0 -900   
71 300 6 519 -299   
67 250 5 470 171   
75 350 7 122 -689   
81 340 9 308 -846   
91 340 8 274 -752   
66 260 7 689 122   
66 40 5 -306 -365   
62 220 12 771 919   
60 160 6 -205 564   
60 220 7 450 536   
65 280 7 689 -122   
74 340 10 342 -940   
83 20 8 -274 -752   
72 260 5 492 87   
71 250 8 752 274   
72 160 5 -171 470   
84 280 4 394 -69   
83 220 9 605 721   
67 230 8 613 514   
60 180 9 0 900   
65 230 9 689 579   
65 210 10 500 866   
66 310 10 793 -665   
67 310 11 805 -676   
64 210 11 550 953   
63 210 10 500 866   
67 340 11 376 -1034   
75 360 5 0 -500   
60 190 7 122 689   
69 250 5 470 171   
77 340 7 239 -658   
88 20 7 -239 -658   
80 10 8 -139 -788   
82 340 8 274 -752   
77 260 5 536 95   
64 80 4 -426 -75   
76 10 9 -156 -886   
78 230 6 460 386   
76 220 6 386 460   
75 250 7 658 239   
72 320 5 321 -383   
77 350 14 243 -1379   
81 10 9 -156 -886   
88 350 9 156 -886   
86 190 3 59 333   
81 20 0 0 0   
66 240 6 520 300   
62 230 8 613 514   
71 270 5 525 0   
63 0 0 0 0   
69 320 6 386 -460   
70 230 9 689 579   
71 330 6 300 -520   
74 170 5 -87 492   
70 280 9 886 -156   
63 0 0 0 0   
63 220 12 771 919   
65 310 5 383 -321   
67 270 7 700 0   
71 260 7 689 122   
76 280 6 591 -104   
80 290 8 774 -282   
73 230 6 460 386   
77 340 7 239 -658   
82 10 11 -191 -1083   
91 350 9 156 -886   
83 30 7 -332 -575   
80 140 7 -427 509   
80 360 9 0 -900   
76 290 7 658 -239   
73 280 4 394 -69   
68 230 5 383 321   
66 340 8 273 -751   
68 280 7 708 -125   
76 10 9 -156 -886   
81 280 4 394 -69   
76 300 4 346 -200   
66 230 4 333 279   
73 250 3 291 106   
80 20 8 -274 -752   
86 10 9 -156 -886   
73 230 9 689 579   
71 270 8 800 0   
76 270 7 700 0   
68 210 7 350 606   
64 210 8 400 693   
62 340 6 205 -564   
67 290 5 470 -171   
68 260 6 591 104   
66 320 7 450 -536   
64 220 7 450 536   
58 230 5 383 321   
74 270 4 400 0   
76 270 7 734 0   
76 10 6 -104 -591   
80 340 7 239 -658   
79 10 9 -156 -886   
75 240 5 433 250   
63 220 9 552 658   
63 230 10 766 643   
65 350 11 191 -1083   
69 30 9 -450 -779   
65 230 10 766 643   
65 350 7 122 -689   
70 10 9 -156 -886   
75 10 10 -174 -985   
74 360 9 0 -900   
71 10 9 -156 -886   
73 40 8 -508 -606   
69 10 12 -208 -1182   
67 360 5 0 -500   
71 220 5 321 383   
59 240 13 1126 650   
56 0 0 0 0   
61 340 6 205 -564   
59 240 3 260 150   
55 350 6 104 -591   
59 230 5 383 321   
59 0 0 0 0   
63 290 3 282 -103   
61 350 6 104 -591   
59 200 6 205 564   
55 40 9 -579 -689   
54 40 9 -579 -689   
54 290 5 470 -171   
60 350 9 156 -886   
58 350 12 208 -1182   
62 360 11 0 -1100   
65 360 8 0 -800   
70 330 4 200 -346   
66 260 3 295 52   
52 160 7 -239 658   
58 0 0 0 0   
58 280 3 295 -52   
57 20 5 -171 -470   
58 310 4 306 -257   
56 20 5 -185 -508   
50 280 4 394 -69   
45 30 7 -342 -593   
46 360 3 0 -300   
49 230 8 613 514   
52 30 7 -350 -606   
50 140 4 -286 340   
48 20 11 -376 -1034   
53 100 8 -788 139   
54 340 6 205 -564   
52 290 3 282 -103   
50 340 3 103 -282   
50 180 5 0 500   
59 120 3 -260 150   
51 0 0 0 0   
52 50 6 -460 -386   
50 180 7 0 700   
50 270 5 500 0   
51 180 10 0 1000   
53 180 3 0 300   
53 210 10 500 866   
53 0 0 0 0   
53 200 9 308 846   
49 170 6 -104 591   
52 210 15 750 1299   
51 200 12 410 1128   
51 200 8 274 752   
56 210 10 500 866   
58 10 9 -156 -886   
54 0 0 0 0   
51 10 6 -104 -591   
48 350 4 69 -394   
48 10 7 -122 -689   
45 350 4 69 -394   
45 360 5 0 -500   
49 280 3 295 -52   
51 0 0 0 0   
43 0 0 0 0   
42 160 3 -103 282   
47 160 3 -103 282   
48 350 4 69 -394   
41 140 5 -321 383   
47 110 7 -658 239   
49 320 6 386 -460   
46 0 0 0 0   
40 300 3 260 -150   
41 170 3 -52 295   
42 190 3 52 295   
46 220 16 1028 1226   
45 140 9 -579 689   
49 170 7 -122 689   
47 110 11 -1034 376   
52 220 9 579 689   
49 120 12 -1039 600   
45 210 15 750 1299   
41 170 6 -104 591   
42 0 0 0 0   
47 120 16 -1386 800   
48 100 9 -886 156   
43 150 7 -350 606   
43 180 3 0 300   
44 110 8 -752 274   
38 130 9 -689 579   
47 170 16 -278 1576   
43 240 3 260 150   
44 200 15 513 1410   
40 360 11 0 -1140   
42 180 7 0 700   
43 100 7 -689 122   
45 190 4 69 394   
42 90 6 -600 0   
54 0 0 0 0   
53 150 7 -350 606   
50 210 15 750 1299   
50 350 4 69 -394   
57 110 6 -564 205   
52 280 3 295 -52   
48 360 11 0 -1100   
52 100 11 -1083 191   
50 100 8 -788 139   
46 120 12 -1039 600   
48 30 7 -350 -606   
46 0 0 0 0   
44 10 3 -59 -334   
42 270 4 400 0   
45 360 5 0 -500   
49 10 8 -139 -788   
47 200 5 171 470   
45 0 0 0 0   
46 10 6 -104 -591   
43 0 0 0 0   
47 120 8 -693 400   
52 190 4 69 394   
51 130 4 -306 257   
52 130 9 -689 579   
52 220 12 771 919   
50 210 7 350 606   
50 0 0 0 0   
47 130 4 -306 257   
50 160 4 -137 376   
49 200 15 513 1410   
48 180 3 0 300   
47 220 7 450 536   
45 80 6 -591 -104   
44 10 5 -87 -492   
45 10 7 -122 -689   
45 270 4 400 0   
42 360 9 0 -900   
39 0 0 0 0   
38 0 0 0 0   
42 10 6 -104 -591   
50 10 10 -174 -985   
51 0 0 0 0   
48 140 5 -321 383   
51 100 4 -394 69   
51 180 7 0 700   
47 180 9 0 900   
47 240 4 346 200   
49 210 6 300 520   
47 220 10 643 766   
49 200 15 513 1410   
49 220 12 771 919   
49 350 6 104 -591   
45 80 15 -1477 -260   
46 10 13 -226 -1280   
48 290 5 470 -171   
46 190 5 87 492   
49 330 5 250 -433   
45 110 7 -658 239   
51 290 8 765 -278   
43 40 1 -45 -53   
47 0 0 0 0   
49 340 5 155 -426   
46 240 19 1645 950   
44 220 18 1157 1379   
44 220 7 450 536   
40 20 5 -171 -470   
51 210 10 500 866   
50 220 8 514 613   
50 210 10 500 866   
55 190 11 191 1083   
57 180 15 0 1500   
56 170 7 -122 689   
50 230 9 689 579   
48 220 8 514 613   
53 210 8 400 693   
51 170 10 -174 985   
47 240 5 433 250   
51 230 10 797 669   
48 120 7 -606 350   
49 240 15 1299 750   
43 50 11 -843 -707   
47 250 6 564 205   
53 200 9 308 846   
50 230 10 766 643   
52 330 8 400 -693   
53 0 0 0 0   
64 200 7 239 658   
64 250 8 752 274   
54 220 11 707 843   
47 210 3 150 260   
47 240 3 260 150   
41 220 7 450 536   
48 280 5 492 -87   
44 170 11 -191 1083   
51 200 8 274 752   
51 170 11 -191 1083   
61 250 7 658 239   
55 0 0 0 0   
59 230 8 613 514   
59 0 0 0 0   
53 360 6 0 -600   
49 280 8 788 -139   
54 240 10 866 500   
54 200 9 308 846   
53 270 7 700 0   
50 260 15 1526 269   
54 230 6 460 386   
57 270 6 600 0   
58 0 0 0 0   
49 360 5 0 -500   
56 160 7 -239 658   
50 330 3 150 -260   
48 10 8 -147 -836   
57 360 15 0 -1500   
53 230 9 689 579   
62 360 8 0 -800   
63 360 14 0 -1400   
57 270 7 730 0   
60 330 4 200 -346   
65 290 6 573 -209   
60 220 5 321 383   
51 240 8 693 400   
50 210 13 650 1126   
52 290 5 470 -171   
56 280 9 886 -156   
53 220 12 771 919   
59 50 6 -460 -386   
61 200 9 308 846   
60 280 5 492 -87   
62 130 4 -307 257   
61 320 4 267 -319   
68 0 0 0 0   
56 230 12 919 771   
46 210 16 800 1386   
50 210 10 500 866   
50 260 8 788 139   
59 20 4 -137 -376   
67 350 10 174 -985   
53 200 6 205 564   
65 0 0 0 0   
64 230 6 460 386   
76 340 5 171 -470   
60 210 9 450 779   
63 220 8 514 613   
66 240 7 588 340   
77 360 7 0 -700   
67 210 14 700 1212   
71 350 12 208 -1182   
58 240 8 693 400   
67 300 4 346 -200   
63 290 5 470 -171   
67 330 8 400 -693   
70 340 13 445 -1222   
80 10 9 -156 -886   
85 10 11 -191 -1083   
88 350 10 174 -985   
88 260 5 492 87   
70 250 6 564 205   
63 220 10 643 766   
58 230 6 460 386   
67 220 6 386 460   
60 220 7 450 536   
65 250 8 752 274   
65 270 7 700 0   
71 330 7 350 -606   
78 360 10 0 -1000   
85 220 7 450 536   
61 300 4 346 -200   
60 230 7 536 450   
59 0 0 0 0   
55 130 9 -689 579   
63 290 9 814 -296   
64 80 10 -939 -166   
70 320 8 514 -613   
77 340 12 396 -1089   
81 360 8 0 -800   
80 320 7 450 -536   
87 350 10 174 -985   
70 240 9 779 450   
66 250 10 940 342   
66 360 6 0 -600   
70 360 11 0 -1100   
74 20 7 -239 -658   
73 270 5 500 0   
69 30 6 -300 -520   
74 260 8 788 139   
68 250 6 564 205   
69 200 12 410 1128   
80 310 5 383 -321   
85 250 5 470 171   
77 220 9 579 689   
76 250 9 846 308   
64 220 7 450 536   
77 240 9 779 450   
74 240 6 520 300   
71 250 8 752 274   
76 350 11 191 -1083   
83 320 7 450 -536   
86 210 8 400 693   
82 10 5 -87 -492   
85 340 8 274 -752   
85 10 8 -139 -788   
78 260 6 591 104   
75 280 6 591 -104   
76 230 7 536 450   
75 300 6 520 -300   
82 360 9 0 -900   
87 360 10 0 -1000   
92 10 8 -139 -788   
90 270 4 400 0   
76 250 5 470 171   
72 300 5 433 -250   
74 260 5 492 87   
69 230 10 766 643   
76 190 1 23 132   
64 180 8 0 800   
73 270 7 700 0   
76 330 8 392 -679   
71 210 8 400 693   
72 320 8 534 -636   
70 110 3 -282 103   
73 250 10 940 342   
74 300 8 693 -400   
78 20 9 -308 -846   
81 360 10 0 -1000   
71 240 14 1212 700   
74 250 6 564 205   
81 20 7 -239 -658   
80 250 8 752 274   
76 340 4 125 -344   
79 10 9 -156 -886   
80 280 7 689 -122   
67 320 6 386 -460   
67 10 10 -174 -985   
75 220 5 321 383   
82 200 7 239 658   
69 230 6 460 386   
72 10 8 -143 -813   
76 350 5 87 -492   
81 360 11 0 -1100   
83 30 8 -400 -693   
77 350 8 139 -788   
75 340 10 342 -940   
84 360 5 0 -500   
88 10 8 -139 -788   
85 10 5 -91 -516   
83 290 5 470 -171   
69 250 8 752 274   
60 260 5 498 88   
66 230 9 689 579   
63 220 8 514 613   
60 210 10 500 866   
59 350 9 156 -886   
66 90 6 -633 0   
70 70 4 -423 -154   
62 360 7 0 -700   
63 220 8 514 613   
53 70 10 -940 -342   
62 240 7 606 350   
60 210 8 400 693   
60 40 10 -643 -766   
65 20 7 -239 -658   
68 350 9 156 -886   
74 340 5 171 -470   
69 360 9 0 -900   
74 310 4 306 -257   
74 10 7 -122 -689   
74 10 11 -191 -1083   
80 360 9 0 -900   
84 360 7 0 -700   
62 210 9 450 779   
69 260 4 442 78   
69 270 5 500 0   
59 280 3 295 -52   
60 330 4 200 -346   
54 0 0 0 0   
59 210 4 200 346   
66 230 10 766 643   
62 220 9 579 689   
57 240 15 1299 750   
55 220 8 514 613   
59 240 8 693 400   
54 180 9 0 900   
55 220 20 1286 1532   
56 350 10 174 -985   
56 200 5 171 470   
54 210 14 700 1212   
64 210 19 950 1645   
68 210 17 850 1472   
64 130 5 -397 333   
64 220 5 321 383   
65 220 10 643 766   
62 360 8 0 -800   
60 220 12 771 919   
57 330 3 150 -260   
56 360 7 0 -700   
58 350 6 104 -591   
60 10 0 0 0   
57 290 3 282 -103   
57 280 8 788 -139   
50 350 10 174 -985   
47 100 10 -985 174   
44 360 9 0 -900   
41 240 4 346 200   
44 40 11 -707 -843   
43 280 3 295 -52   
44 360 6 0 -600   
45 360 5 0 -500   
47 10 8 -139 -788   
48 80 5 -492 -87   
51 20 7 -239 -658   
52 0 0 0 0   
49 200 16 547 1504   
52 210 8 400 693   
51 360 6 0 -600   
50 150 6 -300 520   
51 0 0 0 0   
48 170 9 -156 886   
48 230 18 1379 1157   
45 180 10 0 1000   
54 200 17 581 1597   
41 220 10 643 766   
38 0 0 0 0   
37 360 6 0 -600   
38 150 3 -150 260   
43 180 7 0 700   
44 240 8 693 400   
45 230 9 689 579   
46 230 7 536 450   
49 100 7 -689 122   
46 180 6 0 600   
46 30 8 -400 -693   
39 30 8 -400 -693   
43 0 0 0 0   
52 200 9 308 846   
44 30 7 -350 -606   
44 120 13 -1126 650   
46 120 10 -866 500   
47 200 7 239 658   
44 0 0 0 0   
44 0 0 0 0   
47 50 7 -537 -450   
40 120 10 -866 500   
45 230 4 306 257   
47 220 14 900 1072   
42 180 11 0 1100   
41 210 17 850 1472   
43 260 3 295 52   
47 210 15 750 1299   
47 360 7 0 -700   
54 120 5 -433 250   
48 140 9 -579 689   
47 200 6 205 564   
49 130 4 -306 257   
50 120 8 -693 400   
49 130 8 -613 514   
45 190 8 139 788   
41 240 9 779 450   
39 220 5 321 383   
41 210 14 700 1212   
37 0 0 0 0   
36 10 8 -139 -788   
33 0 0 0 0   
36 170 6 -104 591   
33 0 0 0 0   
35 160 5 -171 470   
27 10 14 -243 -1379   
26 10 9 -156 -886   
26 90 9 -900 0   
27 120 14 -1212 700   
35 160 7 -239 658   
42 40 8 -514 -613   
45 140 3 -193 230   
46 0 0 0 0   
47 280 4 394 -69   
45 160 5 -171 470   
50 280 5 492 -87   
49 0 0 0 0   
49 230 4 306 257   
46 10 5 -87 -492   
46 240 3 260 150   
46 160 6 -205 564   
52 20 6 -205 -564   
43 0 0 0 0   
43 280 3 295 -52   
45 150 4 -200 346   
47 230 5 383 321   
42 190 6 104 591   
42 210 9 450 779   
45 200 12 410 1128   
45 250 9 846 308   
48 200 11 376 1034   
52 210 18 900 1559   
42 230 8 613 514   
39 160 13 -445 1222   
43 50 6 -460 -386   
44 60 8 -693 -400   
48 220 7 450 536   
45 60 5 -433 -250   
42 280 4 394 -69   
45 230 7 536 450   
45 100 5 -492 87   
45 10 5 -87 -492   
44 40 6 -386 -460   
47 360 8 0 -800   
58 110 11 -1034 376   
60 120 7 -606 350   
49 200 9 308 846   
49 0 0 0 0   
51 220 6 386 460   
46 140 9 -579 689   
46 340 5 171 -470   
48 230 9 689 579   
50 300 3 260 -150   
49 360 9 0 -900   
55 90 12 -1200 0   
61 120 9 -779 450   
50 0 0 0 0   
50 210 15 750 1299   
46 100 8 -788 139   
46 220 12 771 919   
49 330 4 200 -346   
50 310 5 383 -321   
50 360 9 0 -900   
51 0 0 0 0   
43 180 7 0 700   
45 120 8 -693 400   
49 270 13 1300 0   
48 200 5 171 470   
55 240 7 606 350   
63 310 6 460 -386   
50 0 0 0 0   
55 350 6 104 -591   
53 300 6 520 -300   
49 330 4 200 -346   
56 280 5 492 -87   
54 230 11 843 707   
48 230 3 230 193   
51 230 10 766 643   
52 230 6 460 386   
47 240 18 1559 900   
48 210 11 550 953   
58 350 11 191 -1083   
65 230 4 306 257   
58 270 5 500 0   
54 250 5 470 171   
45 190 13 226 1280   
50 130 8 -613 514   
49 190 6 104 591   
54 220 14 900 1072   
59 310 5 383 -321   
75 160 3 -103 282   
53 230 14 1072 900   
50 230 5 383 321   
53 350 10 174 -985   
63 40 18 -1157 -1379   
71 250 8 752 274   
55 150 6 -305 528   
60 20 6 -205 -564   
58 360 5 0 -516   
57 300 7 606 -350   
61 350 11 191 -1083   
68 360 8 0 -800   
73 350 9 156 -886   
79 220 8 514 613   
60 210 6 300 520   
60 230 4 306 257   
50 230 10 766 643   
49 240 11 953 550   
54 200 10 342 940   
57 290 10 941 -343   
54 240 8 693 400   
54 220 9 579 689   
54 240 9 779 450   
59 350 12 208 -1182   
65 280 7 689 -122   
55 70 7 -658 -239   
58 350 9 156 -886   
70 360 9 0 -900   
76 310 7 544 -456   
57 240 9 779 450   
67 10 7 -122 -689   
73 10 9 -156 -886   
78 290 5 470 -171   
75 230 8 613 514   
67 340 8 291 -798   
67 260 6 591 104   
56 220 9 579 689   
59 270 5 500 0   
64 330 6 300 -520   
59 230 5 383 321   
54 150 7 -350 606   
64 340 8 274 -752   
51 60 7 -606 -350   
58 250 5 470 171   
62 220 6 386 460   
67 80 8 -754 -133   
68 210 0 13 22   
57 170 7 -122 689   
63 330 7 350 -606   
69 350 11 191 -1083   
71 250 9 846 308   
61 220 5 322 384   
66 60 9 -793 -458   
59 210 14 700 1212   
56 40 7 -450 -536   
68 270 8 809 0   
73 350 12 208 -1182   
68 210 8 400 693   
61 230 9 689 579   
53 200 10 342 940   
53 60 0 -28 -16   
56 200 11 376 1034   
62 220 11 707 843   
60 210 8 400 693   
67 240 5 433 250   
68 340 10 342 -940   
77 260 6 617 109   
76 190 8 139 788   
63 180 11 0 1100   
59 240 7 606 350   
61 10 9 -156 -886   
72 340 8 265 -728   
65 220 9 579 689   
58 220 13 836 996   
60 220 7 450 536   
61 240 10 866 500   
62 250 9 846 308   
61 240 3 260 150   
68 360 10 0 -1000   
76 360 11 0 -1139   
84 350 15 260 -1477   
82 350 17 295 -1674   
83 350 6 104 -591   
87 20 9 -308 -846   
87 350 8 139 -788   
74 210 8 400 693   
66 210 6 300 520   
65 210 6 300 520   
72 210 10 500 866   
75 340 6 198 -544   
75 300 6 520 -300   
77 310 8 613 -514   
78 260 9 935 165   
77 340 4 137 -376   
69 330 9 462 -800   
67 200 7 239 658   
69 330 6 310 -536   
70 30 5 -250 -434   
78 250 5 517 188   
68 240 7 606 350   
68 310 5 364 -305   
68 250 7 658 239   
67 240 7 606 350   
59 310 4 306 -257   
72 310 7 536 -450   
80 360 12 0 -1200   
80 280 6 591 -104   
78 240 5 467 270   
73 240 7 606 350   
80 280 5 492 -87   
80 150 2 -86 150   
84 250 5 470 171   
74 240 7 606 350   
77 200 8 274 752   
77 350 8 139 -788   
86 20 7 -239 -658   
94 350 16 278 -1576   
93 330 5 270 -467   
75 270 7 691 0   
80 10 8 -139 -788   
81 330 10 500 -866   
84 70 7 -681 -248   
84 280 7 689 -122   
70 230 6 460 386   
80 250 7 687 250   
82 290 8 720 -262   
72 350 8 134 -762   
74 250 6 564 205   
65 330 5 250 -433   
71 250 9 846 308   
65 220 10 643 766   
72 290 6 564 -205   
79 340 11 376 -1034   
92 20 7 -239 -658   
83 290 6 564 -205   
82 300 7 606 -350   
82 350 11 191 -1083   
81 310 7 536 -450   
80 0 0 0 0   
78 20 2 -75 -205   
73 10 5 -84 -478   
81 10 8 -139 -788   
78 350 6 104 -591   
82 310 7 536 -450   
79 360 4 0 -400   
66 240 6 520 300   
63 50 4 -306 -257   
69 240 7 606 350   
63 220 12 771 919   
61 200 12 410 1128   
69 290 5 470 -171   
69 30 11 -534 -924   
71 200 8 274 752   
73 260 5 492 87   
76 240 4 346 200   
74 360 6 0 -632   
64 240 12 1039 600   
65 30 8 -400 -693   
68 220 8 514 613   
66 50 8 -613 -514   
68 270 5 500 0   
66 310 5 383 -321   
72 230 3 230 193   
63 220 7 450 536   
68 230 9 689 579   
71 230 9 689 579   
65 240 6 520 300   
64 230 5 346 290   
64 230 16 1226 1028   
54 240 5 433 250   
59 220 12 771 919   
56 280 5 492 -87   
56 300 4 346 -200   
55 190 5 87 492   
60 340 8 274 -752   
63 220 10 643 766   
63 220 6 386 460   
57 0 0 0 0   
63 300 4 346 -200   
65 350 4 63 -354   
64 290 4 376 -137   
63 50 6 -460 -386   
67 20 8 -274 -752   
66 350 3 52 -295   
60 230 3 230 193   
61 50 6 -460 -386   
70 350 7 122 -689   
71 280 4 394 -69   
67 210 3 150 260   
58 0 0 0 0   
65 210 3 150 260   
61 220 9 579 689   
63 300 4 346 -200   
55 140 13 -836 996   
57 200 11 376 1034   
61 240 3 260 150   
61 290 3 282 -103   
66 10 12 -208 -1182   
68 20 9 -308 -846   
63 320 6 386 -460   
59 230 8 613 514   
55 210 7 350 606   
53 210 14 700 1212   
51 140 7 -450 536   
58 100 9 -886 156   
55 140 6 -386 460   
51 180 3 0 300   
53 220 14 900 1072   
51 220 11 707 843   
52 220 7 450 536   
48 300 4 346 -200   
53 10 10 -174 -985   
54 0 0 0 0   
48 0 0 0 0   
52 200 7 239 658   
50 240 9 779 450   
49 230 3 230 193   
46 170 7 -122 689   
45 0 0 0 0   
48 360 5 0 -500   
46 0 0 0 0   
44 0 0 0 0   
53 190 4 69 394   
56 0 0 0 0   
46 0 0 0 0   
51 0 0 0 0   
49 50 5 -383 -321   
48 170 3 -52 295   
46 140 6 -386 460   
50 20 4 -137 -376   
50 270 3 300 0   
49 230 7 555 465   
48 200 12 410 1128   
47 240 3 260 150   
48 220 16 1028 1226   
46 360 6 0 -600   
42 330 3 150 -260   
44 190 5 87 492   
47 210 3 150 260   
49 180 3 0 300   
55 210 18 900 1559   
48 230 9 689 579   
45 200 7 239 658   
44 360 9 0 -900   
41 10 4 -69 -394   
38 170 7 -122 689   
42 360 3 0 -300   
43 260 3 295 52   
44 0 0 0 0   
46 190 10 174 985   
44 140 5 -321 383   
40 210 12 600 1039   
46 120 3 -260 150   
45 180 8 0 800   
47 230 12 919 771   
46 100 8 -788 139   
56 190 14 243 1379   
43 20 10 -342 -940   
52 80 12 -1182 -208   
47 180 4 0 400   
50 210 12 600 1039   
49 360 7 0 -700   
44 0 0 0 0   
43 0 0 0 0   
49 310 3 230 -193   
45 140 7 -450 536   
43 0 0 0 0   
45 0 0 0 0   
43 360 4 0 -400   
38 0 0 0 0   
38 160 4 -137 376   
46 180 10 0 1000   
43 360 5 0 -500   
44 30 9 -450 -779   
36 0 0 0 0   
42 180 8 0 800   
42 170 4 -69 394   
43 20 6 -205 -564   
41 350 7 122 -689   
39 10 10 -174 -985   
37 10 12 -208 -1182   
37 30 13 -650 -1126   
36 210 3 150 260   
39 170 9 -156 886   
41 10 6 -104 -591   
42 80 11 -1083 -191   
35 340 7 239 -658   
37 10 11 -191 -1083   
35 190 9 156 886   
44 230 9 689 579   
37 0 0 0 0   
36 20 7 -239 -658   
32 120 15 -1299 750   
41 160 4 -137 376   
49 140 6 -386 460   
57 260 5 492 87   
59 220 7 450 536   
53 200 11 376 1034   
58 0 0 0 0   
53 160 4 -137 376   
54 0 0 0 0   
56 230 4 306 257   
48 0 0 0 0   
50 130 5 -383 321   
51 30 5 -250 -433   
51 10 5 -87 -492   
47 220 5 321 383   
51 190 5 87 492   
52 220 9 579 689   
52 0 0 0 0   
59 200 4 137 376   
47 210 6 300 520   
48 230 14 1072 900   
42 230 5 383 321   
39 90 6 -600 0   
46 10 5 -87 -492   
47 340 6 205 -564   
47 300 6 520 -300   
49 300 4 346 -200   
51 180 5 0 500   
46 230 13 996 836   
42 230 11 843 707   
43 360 6 0 -600   
44 360 11 0 -1100   
50 350 9 156 -886   
51 360 10 0 -1000   
53 350 10 174 -985   
46 350 8 139 -788   
48 350 11 191 -1083   
51 360 9 0 -900   
54 310 5 383 -321   
58 20 3 -89 -245   
60 0 0 0 0   
50 350 4 69 -394   
45 0 0 0 0   
61 10 3 -52 -295   
52 190 5 87 492   
57 310 5 383 -321   
52 240 5 433 250   
60 330 6 310 -537   
57 230 5 383 321   
59 240 8 693 400   
60 290 3 282 -103   
62 360 5 0 -500   
66 240 8 693 400   
57 30 4 -200 -346   
61 0 0 0 0   
57 360 18 0 -1800   
59 350 13 226 -1280   
61 10 17 -295 -1674   
61 230 7 536 450   
56 160 7 -239 658   
46 230 15 1149 964   
51 200 10 342 940   
48 230 6 460 386   
48 120 12 -1039 600   
55 190 20 347 1970   
47 190 6 96 545   
52 360 21 0 -2100   
54 350 6 104 -591   
53 230 2 148 125   
52 230 3 230 193   
48 190 10 174 985   
50 150 8 -400 693   
46 230 15 1149 964   
50 150 8 -400 693   
52 210 9 450 779   
51 0 0 0 0   
49 220 20 1286 1532   
52 0 0 0 0   
49 240 4 346 200   
50 0 0 0 0   
51 0 0 0 0   
61 0 0 0 0   
51 210 15 750 1299   
54 10 12 -208 -1182   
54 240 6 520 300   
52 0 0 0 0   
43 170 12 -208 1182   
45 220 13 836 996   
51 240 6 520 300   
50 230 11 843 707   
50 110 7 -658 239   
53 230 12 919 771   
51 210 14 700 1212   
56 320 7 475 -567   
61 360 11 0 -1100   
63 140 6 -411 489   
59 280 2 197 -35   
77 10 10 -174 -985   
59 230 9 689 579   
64 260 11 1088 192   
61 220 10 643 766   
63 150 3 -150 260   
70 350 9 156 -886   
65 260 8 788 139   
53 140 5 -321 383   
60 40 7 -440 -524   
69 330 5 250 -433   
61 190 9 156 886   
64 270 5 500 0   
65 240 7 606 350   
67 0 0 0 0   
64 240 12 1039 600   
60 250 5 470 171   
60 0 0 0 0   
58 210 5 250 433   
62 220 10 643 766   
59 20 2 -65 -178   
61 200 4 154 423   
68 310 3 230 -193   
68 300 6 518 -299   
60 220 8 514 613   
60 30 7 -350 -606   
58 240 3 260 150   
59 190 8 139 788   
55 250 11 1066 388   
58 210 8 400 693   
57 200 6 205 564   
58 220 16 1028 1226   
61 310 6 460 -386   
66 20 9 -308 -846   
77 360 14 0 -1400   
88 20 10 -342 -940   
89 360 8 0 -800   
75 230 7 536 450   
61 230 6 460 386   
64 220 8 514 613   
60 210 7 350 606   
61 230 3 230 193   
62 0 0 0 0   
61 170 7 -122 689   
62 220 4 257 306   
60 240 10 866 500   
59 160 4 -137 376   
59 120 3 -260 150   
58 320 4 257 -306   
68 300 3 260 -150   
63 260 6 591 104   
57 30 14 -700 -1212   
66 240 8 693 400   
64 230 10 766 643   
63 230 10 736 618   
68 350 7 122 -689   
66 240 7 606 350   
66 60 4 -386 -223   
70 320 8 514 -613   
75 350 13 226 -1280   
79 360 10 0 -1000   
63 210 4 200 346   
60 220 9 579 689   
70 330 6 300 -520   
73 230 6 460 386   
70 80 4 -370 -65   
60 230 7 536 450   
63 300 5 433 -250   
63 210 10 500 866   
72 290 6 564 -205   
73 260 5 526 93   
65 230 5 383 321   
63 140 4 -257 306   
74 210 5 247 428   
79 0 0 0 0   
72 340 6 221 -607   
66 200 8 274 752   
69 350 10 172 -975   
60 220 9 579 689   
69 50 6 -486 -408   
64 220 6 386 460   
67 250 6 564 205   
71 240 9 779 450   
71 290 6 564 -205   
76 340 11 376 -1034   
65 10 9 -156 -886   
70 350 8 139 -788   
81 350 9 156 -886   
87 190 6 104 591   
72 210 5 250 433   
74 320 7 425 -506   
81 360 7 0 -700   
71 220 12 771 919   
75 360 8 0 -800   
74 290 6 597 -217   
78 350 9 156 -886   
85 350 8 139 -788   
85 350 9 156 -886   
80 300 5 433 -250   
81 30 7 -366 -634   
84 220 7 450 536   
83 210 5 250 433   
71 310 10 766 -643   
75 10 12 -208 -1182   
82 350 9 156 -886   
87 360 8 0 -800   
85 350 7 122 -689   
74 310 6 459 -385   
78 290 6 564 -205   
80 300 6 520 -300   
74 300 7 649 -375   
64 230 5 383 321   
67 320 7 450 -536   
74 310 7 536 -450   
86 300 7 606 -350   
88 10 9 -156 -886   
83 330 4 200 -346   
64 250 7 686 250   
73 280 5 512 -90   
78 20 8 -274 -752   
82 350 3 52 -295   
80 300 4 346 -200   
75 290 5 470 -171   
74 290 5 470 -171   
70 290 8 752 -274   
77 350 9 156 -886   
83 350 13 226 -1280   
81 210 9 450 779   
75 230 8 613 514   
76 220 7 450 536   
66 180 6 0 626   
66 230 6 460 386   
74 360 7 0 -700   
78 20 6 -205 -564   
71 160 8 -279 767   
71 210 11 550 953   
65 220 11 707 843   
70 340 9 308 -846   
72 350 8 139 -788   
75 350 9 156 -886   
76 310 5 383 -321   
67 360 8 0 -758   
61 0 0 0 0   
65 190 7 122 689   
68 20 7 -226 -622   
72 10 8 -139 -788   
66 220 7 450 536   
61 220 8 514 613   
61 300 5 433 -250   
66 210 4 213 369   
66 270 6 552 0   
67 310 3 230 -193   
65 350 12 208 -1182   
63 330 7 350 -606   
61 360 6 0 -600   
63 10 7 -122 -689   
64 360 7 0 -700   
70 330 3 150 -260   
71 10 5 -87 -492   
66 30 8 -399 -691   
67 230 10 766 643   
61 200 14 479 1316   
55 320 5 321 -383   
58 230 12 919 771   
54 190 10 174 985   
57 250 7 658 239   
58 210 4 200 346   
63 300 5 433 -250   
56 190 8 139 788   
59 230 8 613 514   
53 0 0 0 0   
61 230 7 536 450   
56 200 10 342 940   
61 40 3 -193 -230   
54 160 5 -171 470   
60 190 3 52 295   
69 190 9 156 886   
58 310 3 230 -193   
56 220 11 707 843   
62 220 8 514 613   
54 360 5 0 -500   
59 200 14 479 1316   
57 0 0 0 0   
67 310 3 230 -193   
63 170 5 -87 492   
53 290 4 376 -137   
60 0 0 0 0   
60 190 8 139 788   
52 190 4 69 394   
56 0 0 0 0   
54 190 12 208 1182   
53 180 5 0 500   
55 190 6 104 591   
53 210 9 450 779   
47 210 12 600 1039   
50 190 4 69 394   
48 200 12 395 1085   
44 210 14 700 1212   
43 100 15 -1477 260   
46 200 13 445 1222   
47 220 6 386 460   
48 220 5 321 383   
53 190 6 104 591   
51 220 11 707 843   
43 200 13 445 1222   
45 190 7 122 689   
48 0 0 0 0   
46 360 6 0 -600   
47 280 3 295 -52   
49 10 7 -122 -689   
46 20 6 -205 -564   
47 30 6 -300 -520   
46 0 0 0 0   
44 350 6 104 -591   
45 360 5 0 -500   
43 330 3 150 -260   
44 0 0 0 0   
43 0 0 0 0   
45 130 8 -613 514   
44 240 7 606 350   
41 250 3 282 103   
43 110 15 -1410 513   
38 220 5 321 383   
43 0 0 0 0   
34 120 8 -693 400   
37 140 4 -257 306   
37 0 0 0 0   
39 190 3 52 295   
41 200 4 137 376   
42 10 4 -69 -394   
41 80 10 -985 -174   
43 0 0 0 0   
42 360 8 0 -800   
43 360 6 0 -600   
41 230 3 230 193   
41 20 3 -103 -282   
42 10 3 -52 -295   
39 30 6 -300 -520   
36 20 4 -137 -376   
40 0 0 0 0   
49 100 17 -1674 295   
45 100 16 -1576 278   
46 0 0 0 0   
51 140 10 -643 766   
55 160 8 -274 752   
53 190 17 295 1674   
51 110 12 -1110 404   
58 170 6 -104 591   
53 120 9 -779 450   
50 220 9 579 689   
53 140 4 -257 306   
51 220 13 836 996   
50 140 6 -386 460   
46 120 5 -433 250